date,state,positive,negative,total
2020-04-30,AK,355,18764,19119
2020-04-30,AL,7019,80177,87196
2020-04-30,AR,3255,45124,48379
2020-04-30,AS,0,3,3
2020-04-30,AZ,7648,64138,71786
2020-04-30,CA,48917,576420,625337
2020-04-30,CO,14758,56301,71059
2020-04-30,CT,27700,69433,97133
2020-04-30,DC,4323,15756,20079
2020-04-30,DE,4734,17086,21820
2020-04-30,FL,33690,348715,382405
2020-04-30,GA,26155,122889,149044
2020-04-30,GU,146,1962,2108
2020-04-30,HI,613,30027,30640
2020-04-30,IA,7145,35522,42667
2020-04-30,ID,1984,26709,28693
2020-04-30,IL,52918,216949,269867
2020-04-30,IN,17835,77163,94998
2020-04-30,KS,4238,27388,31626
2020-04-30,KY,4539,49562,54101
2020-04-30,LA,28001,133308,161309
2020-04-30,MA,62205,213442,275647
2020-04-30,MD,21742,92617,114359
2020-04-30,ME,1095,19546,20641
2020-04-30,MI,41379,138888,180267
2020-04-30,MN,5136,65140,70276
2020-04-30,MO,7562,73125,80687
2020-04-30,MP,14,585,599
2020-04-30,MS,6815,59525,66340
2020-04-30,MT,453,13461,13914
2020-04-30,NC,10509,117527,128036
2020-04-30,ND,1067,26393,27460
2020-04-30,NE,3784,21537,25321
2020-04-30,NH,2054,19867,21921
2020-04-30,NJ,118652,129266,247918
2020-04-30,NM,3213,61872,65085
2020-04-30,NV,4998,36988,41986
2020-04-30,NY,304372,596264,900636
2020-04-30,OH,18027,115863,133890
2020-04-30,OK,3618,59804,63422
2020-04-30,OR,2510,53522,56032
2020-04-30,PA,45763,175602,221365
2020-04-30,PR,1539,9313,10852
2020-04-30,RI,8621,55089,63710
2020-04-30,SC,6095,50417,56512
2020-04-30,SD,2449,14579,17028
2020-04-30,TN,10366,158183,168549
2020-04-30,TX,27054,287736,314790
2020-04-30,UT,4672,103829,108501
2020-04-30,VA,15846,75663,91509
2020-04-30,VI,66,807,873
2020-04-30,VT,866,14786,15652
2020-04-30,WA,14070,173730,187800
2020-04-30,WI,6854,69394,76248
2020-04-30,WV,1118,43423,44541
2020-04-30,WY,544,8902,9446
2020-04-29,AK,355,18764,19119
2020-04-29,AL,6842,73607,80449
2020-04-29,AR,3192,42257,45449
2020-04-29,AS,0,3,3
2020-04-29,AZ,7202,61611,68813
2020-04-29,CA,46500,556639,603139
2020-04-29,CO,14735,54714,69449
2020-04-29,CT,26767,68051,94818
2020-04-29,DC,4106,15123,19229
2020-04-29,DE,4655,16883,21538
2020-04-29,FL,33193,340295,373488
2020-04-29,GA,25572,118367,143939
2020-04-29,GU,145,1702,1847
2020-04-29,HI,609,29009,29618
2020-04-29,IA,6843,34494,41337
2020-04-29,ID,1952,26430,28382
2020-04-29,IL,50355,206312,256667
2020-04-29,IN,17182,74368,91550
2020-04-29,KS,3738,25720,29458
2020-04-29,KY,4375,48036,52411
2020-04-29,LA,27660,128908,156568
2020-04-29,MA,60265,205353,265618
2020-04-29,MD,20849,90080,110929
2020-04-29,ME,1056,19546,20602
2020-04-29,MI,40399,131953,172352
2020-04-29,MN,4644,62100,66744
2020-04-29,MO,7425,69734,77159
2020-04-29,MP,14,210,224
2020-04-29,MS,6569,59525,66094
2020-04-29,MT,451,13077,13528
2020-04-29,NC,9948,108492,118440
2020-04-29,ND,1033,24503,25536
2020-04-29,NE,3374,20257,23631
2020-04-29,NH,2010,18736,20746
2020-04-29,NJ,116264,125054,241318
2020-04-29,NM,2974,58771,61745
2020-04-29,NV,4898,36130,41028
2020-04-29,NY,299691,572790,872481
2020-04-29,OH,17303,111605,128908
2020-04-29,OK,3473,57794,61267
2020-04-29,OR,2446,52026,54472
2020-04-29,PA,44366,170517,214883
2020-04-29,PR,1433,9313,10746
2020-04-29,RI,8247,51918,60165
2020-04-29,SC,5881,48336,54217
2020-04-29,SD,2373,14460,16833
2020-04-29,TN,10366,158183,168549
2020-04-29,TX,27054,287736,314790
2020-04-29,UT,4495,101283,105778
2020-04-29,VA,14961,70979,85940
2020-04-29,VI,62,732,794
2020-04-29,VT,862,14567,15429
2020-04-29,WA,13842,168673,182515
2020-04-29,WI,6520,66630,73150
2020-04-29,WV,1095,40431,41526
2020-04-29,WY,536,8681,9217
2020-04-28,AK,351,16738,17089
2020-04-28,AL,6687,69140,75827
2020-04-28,AR,3111,37560,40671
2020-04-28,AS,0,3,3
2020-04-28,AZ,6948,60490,67438
2020-04-28,CA,45031,532577,577608
2020-04-28,CO,13879,52462,66341
2020-04-28,CT,26312,66433,92745
2020-04-28,DC,3994,14891,18885
2020-04-28,DE,4575,16605,21180
2020-04-28,FL,32846,334029,366875
2020-04-28,GA,24615,115405,140020
2020-04-28,GU,145,1538,1683
2020-04-28,HI,607,28576,29183
2020-04-28,IA,6376,33447,39823
2020-04-28,ID,1917,18135,20052
2020-04-28,IL,48102,194087,242189
2020-04-28,IN,16588,70593,87181
2020-04-28,KS,3491,24599,28090
2020-04-28,KY,4146,44653,48799
2020-04-28,LA,27286,123822,151108
2020-04-28,MA,58302,196198,254500
2020-04-28,MD,20113,87672,107785
2020-04-28,ME,1040,16784,17824
2020-04-28,MI,39262,125543,164805
2020-04-28,MN,4181,59648,63829
2020-04-28,MO,7303,66200,73503
2020-04-28,MP,14,51,65
2020-04-28,MS,6342,58070,64412
2020-04-28,MT,451,12740,13191
2020-04-28,NC,9568,103184,112752
2020-04-28,ND,991,22732,23723
2020-04-28,NE,3358,20247,23605
2020-04-28,NH,1938,18207,20145
2020-04-28,NJ,113856,120503,234359
2020-04-28,NM,2823,55980,58803
2020-04-28,NV,4805,35314,40119
2020-04-28,NY,295106,549888,844994
2020-04-28,OH,16128,106578,122706
2020-04-28,OK,3410,56289,59699
2020-04-28,OR,2354,48844,51198
2020-04-28,PA,43264,165824,209088
2020-04-28,PR,1400,9313,10713
2020-04-28,RI,7926,49767,57693
2020-04-28,SC,5613,46532,52145
2020-04-28,SD,2313,14299,16612
2020-04-28,TN,10052,151876,161928
2020-04-28,TX,26171,274213,300384
2020-04-28,UT,4343,98096,102439
2020-04-28,VA,13794,68959,82753
2020-04-28,VI,59,719,778
2020-04-28,VT,862,14353,15215
2020-04-28,WA,13686,165993,179679
2020-04-28,WI,6289,63535,69824
2020-04-28,WV,1079,39410,40489
2020-04-28,WY,389,8226,8615
2020-04-27,AK,345,15911,16256
2020-04-27,AL,6499,67498,73997
2020-04-27,AR,3017,37440,40457
2020-04-27,AS,0,3,3
2020-04-27,AZ,6716,59827,66543
2020-04-27,CA,43464,509945,553409
2020-04-27,CO,13441,49833,63274
2020-04-27,CT,25269,54542,79811
2020-04-27,DC,3892,14524,18416
2020-04-27,DE,4162,15454,19616
2020-04-27,FL,32138,324325,356463
2020-04-27,GA,23913,103256,127169
2020-04-27,GU,144,1424,1568
2020-04-27,HI,606,28404,29010
2020-04-27,IA,5868,32282,38150
2020-04-27,ID,1897,17998,19895
2020-04-27,IL,45883,181745,227628
2020-04-27,IN,15961,68515,84476
2020-04-27,KS,3328,23839,27167
2020-04-27,KY,4074,44400,48474
2020-04-27,LA,27068,119921,146989
2020-04-27,MA,56462,188425,244887
2020-04-27,MD,19487,85489,104976
2020-04-27,ME,1023,16784,17807
2020-04-27,MI,38210,119550,157760
2020-04-27,MN,3816,57452,61268
2020-04-27,MO,7171,63935,71106
2020-04-27,MP,14,51,65
2020-04-27,MS,6094,57368,63462
2020-04-27,MT,449,12584,13033
2020-04-27,NC,9142,100778,109920
2020-04-27,ND,942,21492,22434
2020-04-27,NE,3028,19335,22363
2020-04-27,NH,1864,17860,19724
2020-04-27,NJ,111188,116587,227775
2020-04-27,NM,2726,53889,56615
2020-04-27,NV,4690,34123,38813
2020-04-27,NY,291996,534099,826095
2020-04-27,OH,15699,103692,119391
2020-04-27,OK,3280,49891,53171
2020-04-27,OR,2354,48844,51198
2020-04-27,PA,42050,161372,203422
2020-04-27,PR,1389,9313,10702
2020-04-27,RI,7708,48177,55885
2020-04-27,SC,5490,45271,50761
2020-04-27,SD,2245,14130,16375
2020-04-27,TN,9918,144484,154402
2020-04-27,TX,25297,265220,290517
2020-04-27,UT,4233,95962,100195
2020-04-27,VA,13535,67144,80679
2020-04-27,VI,59,716,775
2020-04-27,VT,855,14218,15073
2020-04-27,WA,13521,161956,175477
2020-04-27,WI,6081,61311,67392
2020-04-27,WV,1063,41976,43039
2020-04-27,WY,370,7797,8167
2020-04-26,AK,341,15836,16177
2020-04-26,AL,6270,67281,73551
2020-04-26,AR,2941,36528,39469
2020-04-26,AS,0,3,3
2020-04-26,AZ,6526,58285,64811
2020-04-26,CA,42164,483920,526084
2020-04-26,CO,12968,46823,59791
2020-04-26,CT,25269,54542,79811
2020-04-26,DC,3841,14227,18068
2020-04-26,DE,4034,15215,19249
2020-04-26,FL,31528,313085,344613
2020-04-26,GA,23401,99822,123223
2020-04-26,GU,141,1387,1528
2020-04-26,HI,603,27880,28483
2020-04-26,IA,5476,30614,36090
2020-04-26,ID,1887,17678,19565
2020-04-26,IL,43903,171049,214952
2020-04-26,IN,15012,66696,81708
2020-04-26,KS,3174,23053,26227
2020-04-26,KY,3905,42653,46558
2020-04-26,LA,26773,116263,143036
2020-04-26,MA,54938,181162,236100
2020-04-26,MD,18581,78084,96665
2020-04-26,ME,1015,16784,17799
2020-04-26,MI,37778,113228,151006
2020-04-26,MN,3602,55385,58987
2020-04-26,MO,6997,62751,69748
2020-04-26,MP,14,51,65
2020-04-26,MS,5911,54877,60788
2020-04-26,MT,448,12414,12862
2020-04-26,NC,8830,99064,107894
2020-04-26,ND,867,19850,20717
2020-04-26,NE,2732,18496,21228
2020-04-26,NH,1787,16964,18751
2020-04-26,NJ,109038,114106,223144
2020-04-26,NM,2660,51075,53735
2020-04-26,NV,4602,33584,38186
2020-04-26,NY,288045,517305,805350
2020-04-26,OH,15360,100423,115783
2020-04-26,OK,3253,49891,53144
2020-04-26,OR,2311,46653,48964
2020-04-26,PA,41165,157428,198593
2020-04-26,PR,1371,9313,10684
2020-04-26,RI,7439,45964,53403
2020-04-26,SC,5490,45271,50761
2020-04-26,SD,2212,14062,16274
2020-04-26,TN,9667,138554,148221
2020-04-26,TX,24631,251390,276021
2020-04-26,UT,4123,91579,95702
2020-04-26,VA,12488,63630,76118
2020-04-26,VI,57,700,757
2020-04-26,VT,851,13946,14797
2020-04-26,WA,13521,161919,175440
2020-04-26,WI,5911,59235,65146
2020-04-26,WV,1044,38019,39063
2020-04-26,WY,362,7797,8159
2020-04-25,AK,339,15393,15732
2020-04-25,AL,6137,65207,71344
2020-04-25,AR,2829,35224,38053
2020-04-25,AS,0,3,3
2020-04-25,AZ,6280,56228,62508
2020-04-25,CA,41137,464898,506035
2020-04-25,CO,12256,44533,56789
2020-04-25,CT,24582,53020,77602
2020-04-25,DC,3699,13603,17302
2020-04-25,DE,3576,14122,17698
2020-04-25,FL,30839,302260,333099
2020-04-25,GA,22695,96319,119014
2020-04-25,GU,141,1308,1449
2020-04-25,HI,601,27439,28040
2020-04-25,IA,5092,29258,34350
2020-04-25,ID,1870,17491,19361
2020-04-25,IL,41777,159840,201617
2020-04-25,IN,14395,65379,79774
2020-04-25,KS,3056,22143,25199
2020-04-25,KY,3779,41183,44962
2020-04-25,LA,26512,112490,139002
2020-04-25,MA,53348,173497,226845
2020-04-25,MD,17766,71357,89123
2020-04-25,ME,990,16784,17774
2020-04-25,MI,37203,106841,144044
2020-04-25,MN,3446,53151,56597
2020-04-25,MO,6826,60392,67218
2020-04-25,MP,14,51,65
2020-04-25,MS,5718,53239,58957
2020-04-25,MT,445,12052,12497
2020-04-25,NC,8623,96642,105265
2020-04-25,ND,803,18547,19350
2020-04-25,NE,2421,17552,19973
2020-04-25,NH,1720,16007,17727
2020-04-25,NJ,105523,108163,213686
2020-04-25,NM,2521,48989,51510
2020-04-25,NV,4539,32669,37208
2020-04-25,NY,282143,495425,777568
2020-04-25,OH,14983,96396,111379
2020-04-25,OK,3193,49891,53084
2020-04-25,OR,2253,45124,47377
2020-04-25,PA,40049,152886,192935
2020-04-25,PR,1307,9313,10620
2020-04-25,RI,7129,43762,50891
2020-04-25,SC,5253,43761,49014
2020-04-25,SD,2147,13449,15596
2020-04-25,TN,9189,132217,141406
2020-04-25,TX,23773,239043,262816
2020-04-25,UT,3948,86258,90206
2020-04-25,VA,11902,60276,72178
2020-04-25,VI,55,693,748
2020-04-25,VT,843,13839,14682
2020-04-25,WA,13521,161919,175440
2020-04-25,WI,5687,57138,62825
2020-04-25,WV,1020,31946,32966
2020-04-25,WY,349,7797,8146
2020-04-24,AK,339,11942,12281
2020-04-24,AL,5832,46863,52695
2020-04-24,AR,2741,32837,35578
2020-04-24,AS,0,3,3
2020-04-24,AZ,6045,54669,60714
2020-04-24,CA,39254,454919,494173
2020-04-24,CO,11262,41062,52324
2020-04-24,CT,23921,50117,74038
2020-04-24,DC,3528,13005,16533
2020-04-24,DE,3442,13937,17379
2020-04-24,FL,30174,286785,316959
2020-04-24,GA,22147,85029,107176
2020-04-24,GU,141,1233,1374
2020-04-24,HI,596,26291,26887
2020-04-24,IA,4445,27528,31973
2020-04-24,ID,1836,17255,19091
2020-04-24,IL,39658,149974,189632
2020-04-24,IN,13680,61873,75553
2020-04-24,KS,2777,20811,23588
2020-04-24,KY,3481,39363,42844
2020-04-24,LA,26140,117576,143716
2020-04-24,MA,50969,164244,215213
2020-04-24,MD,16616,68100,84716
2020-04-24,ME,965,16784,17749
2020-04-24,MI,36641,99655,136296
2020-04-24,MN,3185,50602,53787
2020-04-24,MO,6625,58582,65207
2020-04-24,MP,14,51,65
2020-04-24,MS,5434,50236,55670
2020-04-24,MT,444,11683,12127
2020-04-24,NC,8052,92532,100584
2020-04-24,ND,748,16701,17449
2020-04-24,NE,2124,16488,18612
2020-04-24,NH,1670,15139,16809
2020-04-24,NJ,102196,103766,205962
2020-04-24,NM,2379,44184,46563
2020-04-24,NV,4398,31794,36192
2020-04-24,NY,271590,459066,730656
2020-04-24,OH,14581,92528,107109
2020-04-24,OK,3121,43019,46140
2020-04-24,OR,2177,43315,45492
2020-04-24,PA,38652,147491,186143
2020-04-24,PR,1276,9313,10589
2020-04-24,RI,6699,40558,47257
2020-04-24,SC,4917,39546,44463
2020-04-24,SD,2040,12784,14824
2020-04-24,TN,8726,122602,131328
2020-04-24,TX,22806,219741,242547
2020-04-24,UT,3782,80915,84697
2020-04-24,VA,11169,57846,69015
2020-04-24,VI,54,642,696
2020-04-24,VT,827,13483,14310
2020-04-24,WA,13297,161533,174830
2020-04-24,WI,5356,54573,59929
2020-04-24,WV,988,28823,29811
2020-04-24,WY,349,7696,8045
2020-04-23,AK,337,11824,12161
2020-04-23,AL,5778,46863,52641
2020-04-23,AR,2465,29125,31590
2020-04-23,AS,0,3,3
2020-04-23,AZ,5769,52928,58697
2020-04-23,CA,37369,444728,482097
2020-04-23,CO,10878,39767,50645
2020-04-23,CT,23100,48397,71497
2020-04-23,DC,3361,12569,15930
2020-04-23,DE,3308,13604,16912
2020-04-23,FL,28832,267876,296708
2020-04-23,GA,21512,79550,101062
2020-04-23,GU,135,1180,1315
2020-04-23,HI,592,25536,26128
2020-04-23,IA,3924,25338,29262
2020-04-23,ID,1802,16290,18092
2020-04-23,IL,36934,136382,173316
2020-04-23,IN,13039,59001,72040
2020-04-23,KS,2482,18836,21318
2020-04-23,KY,3373,32702,36075
2020-04-23,LA,25739,117576,143315
2020-04-23,MA,47992,156324,204316
2020-04-23,MD,15737,64363,80100
2020-04-23,ME,937,16784,17721
2020-04-23,MI,35291,93030,128321
2020-04-23,MN,2942,48606,51548
2020-04-23,MO,6321,53129,59450
2020-04-23,MP,14,51,65
2020-04-23,MS,5153,50236,55389
2020-04-23,MT,442,11433,11875
2020-04-23,NC,7608,88577,96185
2020-04-23,ND,709,15621,16330
2020-04-23,NE,1813,15547,17360
2020-04-23,NH,1588,14424,16012
2020-04-23,NJ,99989,100159,200148
2020-04-23,NM,2210,39022,41232
2020-04-23,NV,4208,30541,34749
2020-04-23,NY,263460,432460,695920
2020-04-23,OH,14142,88183,102325
2020-04-23,OK,3017,43019,46036
2020-04-23,OR,2127,41849,43976
2020-04-23,PA,36647,142061,178708
2020-04-23,PR,915,9313,10228
2020-04-23,RI,6256,38163,44419
2020-04-23,SC,4917,39546,44463
2020-04-23,SD,1956,12109,14065
2020-04-23,TN,8266,114834,123100
2020-04-23,TX,21944,203134,225078
2020-04-23,UT,3612,77015,80627
2020-04-23,VA,10627,53891,64518
2020-04-23,VI,54,583,637
2020-04-23,VT,825,13027,13852
2020-04-23,WA,12995,158636,171631
2020-04-23,WI,5052,51456,56508
2020-04-23,WV,967,26938,27905
2020-04-23,WY,326,7241,7567
2020-04-22,AK,335,11824,12159
2020-04-22,AL,5465,43295,48760
2020-04-22,AR,2276,27437,29713
2020-04-22,AS,0,3,3
2020-04-22,AZ,5459,51142,56601
2020-04-22,CA,35396,429931,465327
2020-04-22,CO,10447,38257,48704
2020-04-22,CT,22469,47449,69918
2020-04-22,DC,3206,12296,15502
2020-04-22,DE,3200,13353,16553
2020-04-22,FL,28309,260318,288627
2020-04-22,GA,20740,73332,94072
2020-04-22,GU,134,1086,1220
2020-04-22,HI,582,24760,25342
2020-04-22,IA,3748,24496,28244
2020-04-22,ID,1766,15964,17730
2020-04-22,IL,35108,129238,164346
2020-04-22,IN,12438,57032,69470
2020-04-22,KS,2211,17992,20203
2020-04-22,KY,3192,30136,33328
2020-04-22,LA,25258,117576,142834
2020-04-22,MA,44913,144789,189702
2020-04-22,MD,14775,61754,76529
2020-04-22,ME,907,16784,17691
2020-04-22,MI,33966,84259,118225
2020-04-22,MN,2721,46623,49344
2020-04-22,MO,6137,52019,58156
2020-04-22,MP,14,51,65
2020-04-22,MS,4894,48941,53835
2020-04-22,MT,439,11144,11583
2020-04-22,NC,7220,83116,90336
2020-04-22,ND,679,14910,15589
2020-04-22,NE,1722,14957,16679
2020-04-22,NH,1491,13550,15041
2020-04-22,NJ,95865,95794,191659
2020-04-22,NM,2072,38805,40877
2020-04-22,NV,4081,29807,33888
2020-04-22,NY,257216,412766,669982
2020-04-22,OH,13609,84389,97998
2020-04-22,OK,2894,43019,45913
2020-04-22,OR,2059,39126,41185
2020-04-22,PA,35045,136272,171317
2020-04-22,PR,915,8842,9757
2020-04-22,RI,5841,35881,41722
2020-04-22,SC,4761,38350,43111
2020-04-22,SD,1858,11588,13446
2020-04-22,TN,7842,107138,114980
2020-04-22,TX,21069,195714,216783
2020-04-22,UT,3445,73015,76460
2020-04-22,VA,10266,50512,60778
2020-04-22,VI,54,583,637
2020-04-22,VT,823,12639,13462
2020-04-22,WA,12785,155179,167964
2020-04-22,WI,4845,49502,54347
2020-04-22,WV,939,24897,25836
2020-04-22,WY,322,7301,7623
2020-04-21,AK,329,10790,11119
2020-04-21,AL,5231,43295,48526
2020-04-21,AR,2227,25214,27441
2020-04-21,AS,0,3,3
2020-04-21,AZ,5251,49901,55152
2020-04-21,CA,33261,266839,300100
2020-04-21,CO,10106,37360,47466
2020-04-21,CT,20360,43832,64192
2020-04-21,DC,3098,11841,14939
2020-04-21,DE,2931,13725,16656
2020-04-21,FL,27495,249564,277059
2020-04-21,GA,19881,68259,88140
2020-04-21,GU,133,1033,1166
2020-04-21,HI,584,24112,24696
2020-04-21,IA,3641,23974,27615
2020-04-21,ID,1736,15924,17660
2020-04-21,IL,33059,121938,154997
2020-04-21,IN,12097,55167,67264
2020-04-21,KS,2025,17076,19101
2020-04-21,KY,3050,29770,32820
2020-04-21,LA,24854,117576,142430
2020-04-21,MA,43168,141444,184612
2020-04-21,MD,14193,59442,73635
2020-04-21,ME,888,14076,14964
2020-04-21,MI,32967,84259,117226
2020-04-21,MN,2567,45130,47697
2020-04-21,MO,5941,51179,57120
2020-04-21,MP,14,51,65
2020-04-21,MS,4716,47648,52364
2020-04-21,MT,437,10804,11241
2020-04-21,NC,6951,76380,83331
2020-04-21,ND,644,14343,14987
2020-04-21,NE,1648,14724,16372
2020-04-21,NH,1491,12848,14339
2020-04-21,NJ,92387,92439,184826
2020-04-21,NM,1971,36784,38755
2020-04-21,NV,3937,29118,33055
2020-04-21,NY,251690,397635,649325
2020-04-21,OH,13250,80989,94239
2020-04-21,OK,2807,41537,44344
2020-04-21,OR,2002,39126,41128
2020-04-21,PA,34528,132323,166851
2020-04-21,PR,1298,8789,10087
2020-04-21,RI,5500,33833,39333
2020-04-21,SC,4439,36838,41277
2020-04-21,SD,1755,11060,12815
2020-04-21,TN,7394,100788,108182
2020-04-21,TX,20196,185203,205399
2020-04-21,UT,3296,69062,72358
2020-04-21,VA,9630,48724,58354
2020-04-21,VI,54,574,628
2020-04-21,VT,818,12293,13111
2020-04-21,WA,12550,151017,163567
2020-04-21,WI,4620,47841,52461
2020-04-21,WV,914,21849,22763
2020-04-21,WY,320,7301,7621
2020-04-20,AK,321,9803,10124
2020-04-20,AL,5025,40875,45900
2020-04-20,AR,1923,24630,26553
2020-04-20,AS,0,3,3
2020-04-20,AZ,5064,49436,54500
2020-04-20,CA,30978,259522,290500
2020-04-20,CO,9730,36465,46195
2020-04-20,CT,19815,42991,62806
2020-04-20,DC,2927,11186,14113
2020-04-20,DE,2745,13725,16470
2020-04-20,FL,26660,239565,266225
2020-04-20,GA,18947,65381,84328
2020-04-20,GU,133,991,1124
2020-04-20,HI,580,23595,24175
2020-04-20,IA,3159,22661,25820
2020-04-20,ID,1672,15773,17445
2020-04-20,IL,31508,116850,148358
2020-04-20,IN,11686,52953,64639
2020-04-20,KS,1986,16775,18761
2020-04-20,KY,2960,29612,32572
2020-04-20,LA,24523,117576,142099
2020-04-20,MA,41416,136046,177462
2020-04-20,MD,13684,57713,71397
2020-04-20,ME,875,14076,14951
2020-04-20,MI,32000,81798,113798
2020-04-20,MN,2470,44380,46850
2020-04-20,MO,5807,50206,56013
2020-04-20,MP,14,51,65
2020-04-20,MS,4512,46922,51434
2020-04-20,MT,433,10618,11051
2020-04-20,NC,6764,72720,79484
2020-04-20,ND,627,14120,14747
2020-04-20,NE,1474,14206,15680
2020-04-20,NH,1392,12726,14118
2020-04-20,NJ,88806,89251,178057
2020-04-20,NM,1845,35197,37042
2020-04-20,NV,3830,28517,32347
2020-04-20,NY,247512,386349,633861
2020-04-20,OH,12516,77920,90436
2020-04-20,OK,2680,32966,35646
2020-04-20,OR,1956,38089,40045
2020-04-20,PA,33232,129720,162952
2020-04-20,PR,1252,8486,9738
2020-04-20,RI,5090,31990,37080
2020-04-20,SC,4377,36103,40480
2020-04-20,SD,1685,10641,12326
2020-04-20,TN,7238,93451,100689
2020-04-20,TX,19458,170936,190394
2020-04-20,UT,3213,65098,68311
2020-04-20,VA,8990,47745,56735
2020-04-20,VI,53,554,607
2020-04-20,VT,816,12165,12981
2020-04-20,WA,12346,146419,158765
2020-04-20,WI,4499,46603,51102
2020-04-20,WV,902,21253,22155
2020-04-20,WY,313,7073,7386
2020-04-19,AK,319,9576,9895
2020-04-19,AL,4837,40875,45712
2020-04-19,AR,1781,22428,24209
2020-04-19,AS,0,3,3
2020-04-19,AZ,4929,48061,52990
2020-04-19,CA,30333,250567,280900
2020-04-19,CO,9433,35173,44606
2020-04-19,CT,17550,40663,58213
2020-04-19,DC,2793,10906,13699
2020-04-19,DE,2538,12256,14794
2020-04-19,FL,25996,230083,256079
2020-04-19,GA,18301,61632,79933
2020-04-19,GU,133,943,1076
2020-04-19,HI,574,22896,23470
2020-04-19,IA,2902,21648,24550
2020-04-19,ID,1668,15201,16869
2020-04-19,IL,30357,112961,143318
2020-04-19,IN,11210,49932,61142
2020-04-19,KS,1849,16281,18130
2020-04-19,KY,2707,29518,32225
2020-04-19,LA,23928,117576,141504
2020-04-19,MA,39820,129295,169115
2020-04-19,MD,12830,55061,67891
2020-04-19,ME,867,14076,14943
2020-04-19,MI,31424,78237,109661
2020-04-19,MN,2356,43360,45716
2020-04-19,MO,5667,48242,53909
2020-04-19,MP,14,42,56
2020-04-19,MS,4274,34791,39065
2020-04-19,MT,433,10465,10898
2020-04-19,NC,6493,72279,78772
2020-04-19,ND,585,13045,13630
2020-04-19,NE,1287,13288,14575
2020-04-19,NH,1342,12082,13424
2020-04-19,NJ,85301,85387,170688
2020-04-19,NM,1798,34834,36632
2020-04-19,NV,3728,27870,31598
2020-04-19,NY,242786,374769,617555
2020-04-19,OH,11292,75697,86989
2020-04-19,OK,2599,32966,35565
2020-04-19,OR,1910,37128,39038
2020-04-19,PA,32284,126570,158854
2020-04-19,PR,1213,8280,9493
2020-04-19,RI,4706,29993,34699
2020-04-19,SC,4377,36103,40480
2020-04-19,SD,1635,10427,12062
2020-04-19,TN,7070,90028,97098
2020-04-19,TX,18923,163787,182710
2020-04-19,UT,3069,60486,63555
2020-04-19,VA,8537,46196,54733
2020-04-19,VI,53,548,601
2020-04-19,VT,812,11914,12726
2020-04-19,WA,12146,142208,154354
2020-04-19,WI,4346,45323,49669
2020-04-19,WV,863,19168,20031
2020-04-19,WY,309,6972,7281
2020-04-18,AK,314,9341,9655
2020-04-18,AL,4655,37883,42538
2020-04-18,AR,1739,22402,24141
2020-04-18,AS,0,3,3
2020-04-18,AZ,4719,46326,51045
2020-04-18,CA,28963,230703,259666
2020-04-18,CO,9047,34260,43307
2020-04-18,CT,16809,38653,55462
2020-04-18,DC,2666,10602,13268
2020-04-18,DE,2323,11694,14017
2020-04-18,FL,25269,221258,246527
2020-04-18,GA,17669,56539,74208
2020-04-18,GU,133,943,1076
2020-04-18,HI,553,21790,22343
2020-04-18,IA,2513,20434,22947
2020-04-18,ID,1655,14954,16609
2020-04-18,IL,29160,108244,137404
2020-04-18,IN,10641,46232,56873
2020-04-18,KS,1790,15886,17676
2020-04-18,KY,2522,28074,30596
2020-04-18,LA,23580,114419,137999
2020-04-18,MA,37527,124604,162131
2020-04-18,MD,12308,53062,65370
2020-04-18,ME,847,14076,14923
2020-04-18,MI,30791,68936,99727
2020-04-18,MN,2213,42055,44268
2020-04-18,MO,5517,48242,53759
2020-04-18,MP,14,42,56
2020-04-18,MS,3974,34791,38765
2020-04-18,MT,426,10143,10569
2020-04-18,NC,6140,70071,76211
2020-04-18,ND,528,12435,12963
2020-04-18,NE,1138,12539,13677
2020-04-18,NH,1287,11565,12852
2020-04-18,NJ,81420,81116,162536
2020-04-18,NM,1711,33902,35613
2020-04-18,NV,3626,27125,30751
2020-04-18,NY,236732,359800,596532
2020-04-18,OH,9939,68819,78758
2020-04-18,OK,2570,32966,35536
2020-04-18,OR,1844,35739,37583
2020-04-18,PA,31069,122896,153965
2020-04-18,PR,1118,8055,9173
2020-04-18,RI,4491,28335,32826
2020-04-18,SC,4246,34587,38833
2020-04-18,SD,1542,10118,11660
2020-04-18,TN,6762,83824,90586
2020-04-18,TX,18260,157979,176239
2020-04-18,UT,2931,57013,59944
2020-04-18,VA,8053,43878,51931
2020-04-18,VI,53,390,443
2020-04-18,VT,803,11763,12566
2020-04-18,WA,11887,140809,152696
2020-04-18,WI,4199,43962,48161
2020-04-18,WV,785,18655,19440
2020-04-18,WY,305,6217,6522
2020-04-17,AK,309,9141,9450
2020-04-17,AL,4530,33318,37848
2020-04-17,AR,1695,21799,23494
2020-04-17,AS,0,3,3
2020-04-17,AZ,4507,44723,49230
2020-04-17,CA,27528,224086,251614
2020-04-17,CO,8675,33155,41830
2020-04-17,CT,16809,38653,55462
2020-04-17,DC,2476,10167,12643
2020-04-17,DE,2323,11694,14017
2020-04-17,FL,24119,210718,234837
2020-04-17,GA,17194,54490,71684
2020-04-17,GU,133,940,1073
2020-04-17,HI,541,21316,21857
2020-04-17,IA,2332,19460,21792
2020-04-17,ID,1609,14574,16183
2020-04-17,IL,27575,102588,130163
2020-04-17,IN,10154,44631,54785
2020-04-17,KS,1705,15196,16901
2020-04-17,KY,2429,27318,29747
2020-04-17,LA,23118,108869,131987
2020-04-17,MA,35125,117195,152320
2020-04-17,MD,11572,50437,62009
2020-04-17,ME,827,14076,14903
2020-04-17,MI,30023,68936,98959
2020-04-17,MN,2071,40982,43053
2020-04-17,MO,5283,46434,51717
2020-04-17,MP,13,42,55
2020-04-17,MS,3793,34791,38584
2020-04-17,MT,422,9822,10244
2020-04-17,NC,5859,67122,72981
2020-04-17,ND,439,11903,12342
2020-04-17,NE,1066,12038,13104
2020-04-17,NH,1287,11421,12708
2020-04-17,NJ,78467,78982,157449
2020-04-17,NM,1597,32891,34488
2020-04-17,NV,3524,26238,29762
2020-04-17,NY,229642,343581,573223
2020-04-17,OH,8858,68819,77677
2020-04-17,OK,2465,31155,33620
2020-04-17,OR,1785,34536,36321
2020-04-17,PA,29441,117932,147373
2020-04-17,PR,1068,7864,8932
2020-04-17,RI,4177,26584,30761
2020-04-17,SC,3931,32353,36284
2020-04-17,SD,1411,9651,11062
2020-04-17,TN,6589,80684,87273
2020-04-17,TX,17371,152165,169536
2020-04-17,UT,2805,52966,55771
2020-04-17,VA,7491,41506,48997
2020-04-17,VI,51,373,424
2020-04-17,VT,779,11337,12116
2020-04-17,WA,11673,138771,150444
2020-04-17,WI,4045,42365,46410
2020-04-17,WV,754,17927,18681
2020-04-17,WY,296,6131,6427
2020-04-16,AK,300,8435,8735
2020-04-16,AL,4345,32046,36391
2020-04-16,AR,1620,21055,22675
2020-04-16,AS,0,3,3
2020-04-16,AZ,4234,43164,47398
2020-04-16,CA,26182,220218,246400
2020-04-16,CO,8280,32253,40533
2020-04-16,CT,15884,37238,53122
2020-04-16,DC,2350,9800,12150
2020-04-16,DE,2075,11275,13350
2020-04-16,FL,22897,196351,219248
2020-04-16,GA,15669,52270,67939
2020-04-16,GU,133,870,1003
2020-04-16,HI,530,20170,20700
2020-04-16,IA,2141,18534,20675
2020-04-16,ID,1587,14244,15831
2020-04-16,IL,25733,96856,122589
2020-04-16,IN,9542,41573,51115
2020-04-16,KS,1588,14534,16122
2020-04-16,KY,2291,26033,28324
2020-04-16,LA,22532,104054,126586
2020-04-16,MA,32492,110098,142590
2020-04-16,MD,10784,48059,58843
2020-04-16,ME,796,14076,14872
2020-04-16,MI,29263,65023,94286
2020-04-16,MN,1912,39763,41675
2020-04-16,MO,5111,45537,50648
2020-04-16,MP,13,27,40
2020-04-16,MS,3624,34791,38415
2020-04-16,MT,415,9521,9936
2020-04-16,NC,5465,65452,70917
2020-04-16,ND,393,11311,11704
2020-04-16,NE,952,11342,12294
2020-04-16,NH,1139,11027,12166
2020-04-16,NJ,75317,76513,151830
2020-04-16,NM,1484,31910,33394
2020-04-16,NV,3321,25130,28451
2020-04-16,NY,222284,328295,550579
2020-04-16,OH,8414,66426,74840
2020-04-16,OK,2357,28542,30899
2020-04-16,OR,1736,33202,34938
2020-04-16,PA,27735,113735,141470
2020-04-16,PR,1043,7315,8358
2020-04-16,RI,3838,24226,28064
2020-04-16,SC,3656,31077,34733
2020-04-16,SD,1311,9239,10550
2020-04-16,TN,6262,78787,85049
2020-04-16,TX,16455,142092,158547
2020-04-16,UT,2683,46995,49678
2020-04-16,VA,6889,39555,46444
2020-04-16,VI,51,357,408
2020-04-16,VT,768,10739,11507
2020-04-16,WA,11343,134751,146094
2020-04-16,WI,3875,40974,44849
2020-04-16,WV,739,17567,18306
2020-04-16,WY,296,6131,6427
2020-04-15,AK,293,8371,8664
2020-04-15,AL,4113,29964,34077
2020-04-15,AR,1569,20265,21834
2020-04-15,AS,0,3,3
2020-04-15,AZ,3962,41348,45310
2020-04-15,CA,24424,192062,216486
2020-04-15,CO,7941,31639,39580
2020-04-15,CT,14755,35388,50143
2020-04-15,DC,2197,9328,11525
2020-04-15,DE,2014,11088,13102
2020-04-15,FL,22511,190998,213509
2020-04-15,GA,14987,49103,64090
2020-04-15,GU,133,843,976
2020-04-15,HI,517,19286,19803
2020-04-15,IA,1995,17874,19869
2020-04-15,ID,1464,13934,15398
2020-04-15,IL,24593,92336,116929
2020-04-15,IN,8955,39441,48396
2020-04-15,KS,1494,13174,14668
2020-04-15,KY,2210,25487,27697
2020-04-15,LA,21951,99977,121928
2020-04-15,MA,29970,102790,132760
2020-04-15,MD,10032,45731,55763
2020-04-15,ME,770,14076,14846
2020-04-15,MI,28059,61638,89697
2020-04-15,MN,1809,38433,40242
2020-04-15,MO,4895,44117,49012
2020-04-15,MP,13,27,40
2020-04-15,MS,3360,34791,38151
2020-04-15,MT,404,9179,9583
2020-04-15,NC,5123,62704,67827
2020-04-15,ND,365,10952,11317
2020-04-15,NE,901,10828,11729
2020-04-15,NH,1139,11027,12166
2020-04-15,NJ,71030,72991,144021
2020-04-15,NM,1407,31443,32850
2020-04-15,NV,3211,24444,27655
2020-04-15,NY,213779,312233,526012
2020-04-15,OH,7791,63761,71552
2020-04-15,OK,2263,26956,29219
2020-04-15,OR,1663,31688,33351
2020-04-15,PA,26490,111094,137584
2020-04-15,PR,974,6825,7799
2020-04-15,RI,3529,22368,25897
2020-04-15,SC,3656,31077,34733
2020-04-15,SD,1168,8691,9859
2020-04-15,TN,6079,74817,80896
2020-04-15,TX,15492,136318,151810
2020-04-15,UT,2542,45072,47614
2020-04-15,VA,6500,37669,44169
2020-04-15,VI,51,331,382
2020-04-15,VT,759,10322,11081
2020-04-15,WA,11100,130828,141928
2020-04-15,WI,3721,39326,43047
2020-04-15,WV,702,16954,17656
2020-04-15,WY,287,6042,6329
2020-04-14,AK,285,8063,8348
2020-04-14,AL,3876,29241,33117
2020-04-14,AR,1480,19651,21131
2020-04-14,AS,0,3,3
2020-04-14,AZ,3806,40290,44096
2020-04-14,CA,23338,178870,202208
2020-04-14,CO,7691,31051,38742
2020-04-14,CT,13989,31852,45841
2020-04-14,DC,2058,9226,11284
2020-04-14,DE,1761,10543,12304
2020-04-14,FL,21367,181813,203180
2020-04-14,GA,14223,47572,61795
2020-04-14,GU,133,811,944
2020-04-14,HI,504,18916,19420
2020-04-14,IA,1899,16986,18885
2020-04-14,ID,1453,13661,15114
2020-04-14,IL,23247,87369,110616
2020-04-14,IN,8527,37490,46017
2020-04-14,KS,1426,12721,14147
2020-04-14,KY,2048,24635,26683
2020-04-14,LA,21518,96904,118422
2020-04-14,MA,28109,98820,126929
2020-04-14,MD,9472,44261,53733
2020-04-14,ME,734,11608,12342
2020-04-14,MI,27001,59225,86226
2020-04-14,MN,1695,37546,39241
2020-04-14,MO,4686,43292,47978
2020-04-14,MP,13,27,40
2020-04-14,MS,3087,34791,37878
2020-04-14,MT,399,8835,9234
2020-04-14,NC,5024,60015,65039
2020-04-14,ND,341,10575,10916
2020-04-14,NE,871,10486,11357
2020-04-14,NH,1020,10590,11610
2020-04-14,NJ,68824,70950,139774
2020-04-14,NM,1345,30625,31970
2020-04-14,NV,3088,23573,26661
2020-04-14,NY,202208,296935,499143
2020-04-14,OH,7153,60721,67874
2020-04-14,OK,2184,26085,28269
2020-04-14,OR,1633,30730,32363
2020-04-14,PA,25345,108286,133631
2020-04-14,PR,923,6284,7207
2020-04-14,RI,3251,19649,22900
2020-04-14,SC,3553,30319,33872
2020-04-14,SD,988,8308,9296
2020-04-14,TN,5823,73008,78831
2020-04-14,TX,14624,131843,146467
2020-04-14,UT,2412,44064,46476
2020-04-14,VA,6171,36592,42763
2020-04-14,VI,51,326,377
2020-04-14,VT,752,9833,10585
2020-04-14,WA,10789,127109,137898
2020-04-14,WI,3555,37997,41552
2020-04-14,WV,640,16398,17038
2020-04-14,WY,275,5689,5964
2020-04-13,AK,277,7553,7830
2020-04-13,AL,3734,25448,29182
2020-04-13,AR,1410,19394,20804
2020-04-13,AS,0,3,3
2020-04-13,AZ,3702,39645,43347
2020-04-13,CA,22348,168534,190882
2020-04-13,CO,7684,29850,37534
2020-04-13,CT,13381,30928,44309
2020-04-13,DC,1955,8979,10934
2020-04-13,DE,1625,10195,11820
2020-04-13,FL,20601,175606,196207
2020-04-13,GA,13315,43706,57021
2020-04-13,GU,133,770,903
2020-04-13,HI,499,18345,18844
2020-04-13,IA,1710,16986,18696
2020-04-13,ID,1426,13455,14881
2020-04-13,IL,22025,83743,105768
2020-04-13,IN,8236,36303,44539
2020-04-13,KS,1376,12488,13864
2020-04-13,KY,1963,23903,25866
2020-04-13,LA,21016,87075,108091
2020-04-13,MA,26794,95500,122294
2020-04-13,MD,8936,42815,51751
2020-04-13,ME,698,11608,12306
2020-04-13,MI,25635,57009,82644
2020-04-13,MN,1650,36777,38427
2020-04-13,MO,4388,41040,45428
2020-04-13,MP,11,27,38
2020-04-13,MS,2942,28042,30984
2020-04-13,MT,394,8704,9098
2020-04-13,NC,4816,58572,63388
2020-04-13,ND,331,10450,10781
2020-04-13,NE,814,10158,10972
2020-04-13,NH,985,10222,11207
2020-04-13,NJ,64584,64885,129469
2020-04-13,NM,1245,29270,30515
2020-04-13,NV,2971,22493,25464
2020-04-13,NY,195031,283326,478357
2020-04-13,OH,6975,58137,65112
2020-04-13,OK,2069,20790,22859
2020-04-13,OR,1584,29537,31121
2020-04-13,PA,24199,105593,129792
2020-04-13,PR,903,5960,6863
2020-04-13,RI,2976,17685,20661
2020-04-13,SC,3319,28106,31425
2020-04-13,SD,868,8134,9002
2020-04-13,TN,5610,70585,76195
2020-04-13,TX,13906,119320,133226
2020-04-13,UT,2363,43424,45787
2020-04-13,VA,5747,35654,41401
2020-04-13,VI,51,322,373
2020-04-13,VT,748,9618,10366
2020-04-13,WA,10587,123281,133868
2020-04-13,WI,3428,36769,40197
2020-04-13,WV,626,16029,16655
2020-04-13,WY,275,5689,5964
2020-04-12,AK,272,7766,8038
2020-04-12,AL,3525,18058,21583
2020-04-12,AR,1280,18442,19722
2020-04-12,AS,0,3,3
2020-04-12,AZ,3539,38570,42109
2020-04-12,CA,21794,168534,190328
2020-04-12,CO,6893,27980,34873
2020-04-12,CT,12035,29185,41220
2020-04-12,DC,1875,8765,10640
2020-04-12,DE,1479,9624,11103
2020-04-12,FL,19355,163398,182753
2020-04-12,GA,12452,42001,54453
2020-04-12,GU,133,693,826
2020-04-12,HI,486,17482,17968
2020-04-12,IA,1587,16005,17592
2020-04-12,ID,1407,12901,14308
2020-04-12,IL,20852,79883,100735
2020-04-12,IN,7928,34561,42489
2020-04-12,KS,1337,11916,13253
2020-04-12,KY,1840,22727,24567
2020-04-12,LA,20595,83450,104045
2020-04-12,MA,25381,91463,116844
2020-04-12,MD,8225,41539,49764
2020-04-12,ME,633,6088,6721
2020-04-12,MI,24638,54799,79437
2020-04-12,MN,1621,35800,37421
2020-04-12,MO,4160,41040,45200
2020-04-12,MP,11,27,38
2020-04-12,MS,2781,18632,21413
2020-04-12,MT,387,8526,8913
2020-04-12,NC,4520,57619,62139
2020-04-12,ND,308,10042,10350
2020-04-12,NE,791,9900,10691
2020-04-12,NH,929,9996,10925
2020-04-12,NJ,61850,64885,126735
2020-04-12,NM,1174,27518,28692
2020-04-12,NV,2836,21775,24611
2020-04-12,NY,188694,272907,461601
2020-04-12,OH,6604,56639,63243
2020-04-12,OK,1970,20790,22760
2020-04-12,OR,1527,28231,29758
2020-04-12,PA,22833,102057,124890
2020-04-12,PR,897,5819,6716
2020-04-12,RI,2665,17685,20350
2020-04-12,SC,3319,28106,31425
2020-04-12,SD,730,7823,8553
2020-04-12,TN,5308,65369,70677
2020-04-12,TX,13484,111049,124533
2020-04-12,UT,2303,41931,44234
2020-04-12,VA,5274,34711,39985
2020-04-12,VI,51,299,350
2020-04-12,VT,727,9114,9841
2020-04-12,WA,10398,119533,129931
2020-04-12,WI,3341,35916,39257
2020-04-12,WV,611,15646,16257
2020-04-12,WY,261,5198,5459
2020-04-11,AK,257,7475,7732
2020-04-11,AL,3191,18058,21249
2020-04-11,AR,1226,17352,18578
2020-04-11,AS,0,3,3
2020-04-11,AZ,3393,37137,40530
2020-04-11,CA,19472,152604,172076
2020-04-11,CO,6510,26143,32653
2020-04-11,CT,11510,28321,39831
2020-04-11,DC,1778,8261,10039
2020-04-11,DE,1479,9624,11103
2020-04-11,FL,18494,154439,172933
2020-04-11,GA,12159,39556,51715
2020-04-11,GU,133,693,826
2020-04-11,HI,465,17066,17531
2020-04-11,IA,1510,15622,17132
2020-04-11,ID,1396,12368,13764
2020-04-11,IL,19180,72969,92149
2020-04-11,IN,7435,31780,39215
2020-04-11,KS,1268,11075,12343
2020-04-11,KY,1693,22595,24288
2020-04-11,LA,20014,76901,96915
2020-04-11,MA,22766,86115,108881
2020-04-11,MD,7694,39544,47238
2020-04-11,ME,616,6088,6704
2020-04-11,MI,23993,52021,76014
2020-04-11,MN,1427,33977,35404
2020-04-11,MO,4024,39148,43172
2020-04-11,MP,11,27,38
2020-04-11,MS,2642,18632,21274
2020-04-11,MT,377,8204,8581
2020-04-11,NC,4312,56081,60393
2020-04-11,ND,293,9787,10080
2020-04-11,NE,700,9285,9985
2020-04-11,NH,885,9608,10493
2020-04-11,NJ,58151,62042,120193
2020-04-11,NM,1091,26007,27098
2020-04-11,NV,2700,20887,23587
2020-04-11,NY,180458,260522,440980
2020-04-11,OH,6187,54221,60408
2020-04-11,OK,1868,20790,22658
2020-04-11,OR,1371,25853,27224
2020-04-11,PA,21655,98498,120153
2020-04-11,PR,788,5583,6371
2020-04-11,RI,2349,15858,18207
2020-04-11,SC,3207,26886,30093
2020-04-11,SD,626,7378,8004
2020-04-11,TN,5114,61714,66828
2020-04-11,TX,12561,107972,120533
2020-04-11,UT,2206,40340,42546
2020-04-11,VA,5077,32922,37999
2020-04-11,VI,51,299,350
2020-04-11,VT,711,8547,9258
2020-04-11,WA,10162,118236,128398
2020-04-11,WI,3213,34680,37893
2020-04-11,WV,577,14875,15452
2020-04-11,WY,261,5198,5459
2020-04-10,AK,246,7186,7432
2020-04-10,AL,2968,18058,21026
2020-04-10,AR,1171,15949,17120
2020-04-10,AS,0,3,3
2020-04-10,AZ,3112,34622,37734
2020-04-10,CA,19472,145391,164863
2020-04-10,CO,6510,26143,32653
2020-04-10,CT,10538,25750,36288
2020-04-10,DC,1660,7695,9355
2020-04-10,DE,1326,10415,11741
2020-04-10,FL,17531,145299,162830
2020-04-10,GA,11483,34664,46147
2020-04-10,GU,130,662,792
2020-04-10,HI,442,15707,16149
2020-04-10,IA,1388,14565,15953
2020-04-10,ID,1353,11741,13094
2020-04-10,IL,17887,69640,87527
2020-04-10,IN,6907,28133,35040
2020-04-10,KS,1166,10248,11414
2020-04-10,KY,1693,22595,24288
2020-04-10,LA,19253,73027,92280
2020-04-10,MA,20878,81564,102442
2020-04-10,MD,6968,37480,44448
2020-04-10,ME,586,6088,6674
2020-04-10,MI,22783,49261,72044
2020-04-10,MN,1336,32558,33894
2020-04-10,MO,3799,36941,40740
2020-04-10,MP,11,27,38
2020-04-10,MS,2469,18632,21101
2020-04-10,MT,365,7932,8297
2020-04-10,NC,3908,53737,57645
2020-04-10,ND,278,9330,9608
2020-04-10,NE,635,8719,9354
2020-04-10,NH,819,9139,9958
2020-04-10,NJ,54588,58935,113523
2020-04-10,NM,1091,26007,27098
2020-04-10,NV,2584,20165,22749
2020-04-10,NY,170512,247373,417885
2020-04-10,OH,5836,52695,58531
2020-04-10,OK,1794,20370,22164
2020-04-10,OR,1321,24306,25627
2020-04-10,PA,19979,93040,113019
2020-04-10,PR,725,5121,5846
2020-04-10,RI,2015,12281,14296
2020-04-10,SC,3065,25118,28183
2020-04-10,SD,536,7111,7647
2020-04-10,TN,4862,57937,62799
2020-04-10,TX,11671,104047,115718
2020-04-10,UT,2102,38660,40762
2020-04-10,VA,4509,30950,35459
2020-04-10,VI,50,273,323
2020-04-10,VT,679,7553,8232
2020-04-10,WA,9941,116396,126337
2020-04-10,WI,3068,33225,36293
2020-04-10,WV,554,14001,14555
2020-04-10,WY,253,4736,4989
2020-04-09,AK,235,6988,7223
2020-04-09,AL,2769,18058,20827
2020-04-09,AR,1119,13832,14951
2020-04-09,AS,0,3,3
2020-04-09,AZ,3018,34160,37178
2020-04-09,CA,18309,145191,163500
2020-04-09,CO,5655,23544,29199
2020-04-09,CT,9784,23718,33502
2020-04-09,DC,1523,7201,8724
2020-04-09,DE,1207,8683,9890
2020-04-09,FL,16364,136185,152549
2020-04-09,GA,10566,30519,41085
2020-04-09,GU,128,593,721
2020-04-09,HI,435,15316,15751
2020-04-09,IA,1270,13703,14973
2020-04-09,ID,1232,11299,12531
2020-04-09,IL,16422,64435,80857
2020-04-09,IN,6351,25782,32133
2020-04-09,KS,1106,9669,10775
2020-04-09,KY,1346,20455,21801
2020-04-09,LA,18283,68636,86919
2020-04-09,MA,18843,76146,94989
2020-04-09,MD,6185,35344,41529
2020-04-09,ME,560,6088,6648
2020-04-09,MI,21504,45550,67054
2020-04-09,MN,1242,31052,32294
2020-04-09,MO,3539,34955,38494
2020-04-09,MP,11,27,38
2020-04-09,MS,2260,18632,20892
2020-04-09,MT,354,7506,7860
2020-04-09,NC,3651,44158,47809
2020-04-09,ND,269,8721,8990
2020-04-09,NE,567,8116,8683
2020-04-09,NH,788,8763,9551
2020-04-09,NJ,51027,56165,107192
2020-04-09,NM,865,22942,23807
2020-04-09,NV,2456,19315,21771
2020-04-09,NY,159937,231612,391549
2020-04-09,OH,5512,50473,55985
2020-04-09,OK,1684,18595,20279
2020-04-09,OR,1321,24306,25627
2020-04-09,PA,18228,87374,105602
2020-04-09,PR,683,4703,5386
2020-04-09,RI,1727,10682,12409
2020-04-09,SC,2792,24575,27367
2020-04-09,SD,447,6700,7147
2020-04-09,TN,4634,55215,59849
2020-04-09,TX,10230,95904,106134
2020-04-09,UT,1976,36397,38373
2020-04-09,VA,4042,28984,33026
2020-04-09,VI,46,251,297
2020-04-09,VT,628,7553,8181
2020-04-09,WA,9492,112544,122036
2020-04-09,WI,2885,31424,34309
2020-04-09,WV,523,13340,13863
2020-04-09,WY,230,3920,4150
2020-04-08,AK,226,6842,7068
2020-04-08,AL,2369,16753,19122
2020-04-08,AR,1000,13530,14530
2020-04-08,AS,0,3,3
2020-04-08,AZ,2726,31838,34564
2020-04-08,CA,16957,127307,144264
2020-04-08,CO,5429,22665,28094
2020-04-08,CT,7781,21255,29036
2020-04-08,DC,1440,6843,8283
2020-04-08,DE,928,7628,8556
2020-04-08,FL,15455,127679,143134
2020-04-08,GA,9901,28886,38787
2020-04-08,GU,125,562,687
2020-04-08,HI,410,14739,15149
2020-04-08,IA,1145,12821,13966
2020-04-08,ID,1210,10688,11898
2020-04-08,IL,15078,59988,75066
2020-04-08,IN,5943,24926,30869
2020-04-08,KS,1046,9137,10183
2020-04-08,KY,1149,20455,21604
2020-04-08,LA,17030,64376,81406
2020-04-08,MA,16692,70849,87541
2020-04-08,MD,5529,32933,38462
2020-04-08,ME,537,6088,6625
2020-04-08,MI,20589,45550,66139
2020-04-08,MN,1154,29599,30753
2020-04-08,MO,3327,30783,34110
2020-04-08,MP,11,27,38
2020-04-08,MS,2003,18632,20635
2020-04-08,MT,332,7066,7398
2020-04-08,NC,3426,39561,42987
2020-04-08,ND,251,8301,8552
2020-04-08,NE,519,7442,7961
2020-04-08,NH,788,8389,9177
2020-04-08,NJ,47437,52979,100416
2020-04-08,NM,794,21451,22245
2020-04-08,NV,2318,18248,20566
2020-04-08,NY,149316,215837,365153
2020-04-08,OH,5148,48193,53341
2020-04-08,OK,1524,11821,13345
2020-04-08,OR,1239,23325,24564
2020-04-08,PA,16239,82299,98538
2020-04-08,PR,620,4266,4886
2020-04-08,RI,1450,10682,12132
2020-04-08,SC,2552,22082,24634
2020-04-08,SD,393,6355,6748
2020-04-08,TN,4362,52256,56618
2020-04-08,TX,9353,86905,96258
2020-04-08,UT,1846,34270,36116
2020-04-08,VA,3645,27000,30645
2020-04-08,VI,45,242,287
2020-04-08,VT,605,7144,7749
2020-04-08,WA,9214,108847,118061
2020-04-08,WI,2756,30115,32871
2020-04-08,WV,462,12083,12545
2020-04-08,WY,221,3843,4064
2020-04-07,AK,213,6700,6913
2020-04-07,AL,2119,12797,14916
2020-04-07,AR,946,12692,13638
2020-04-07,AS,0,3,3
2020-04-07,AZ,2575,30800,33375
2020-04-07,CA,15865,115364,131229
2020-04-07,CO,5172,21703,26875
2020-04-07,CT,7781,21255,29036
2020-04-07,DC,1211,6612,7823
2020-04-07,DE,928,7628,8556
2020-04-07,FL,14747,123415,138162
2020-04-07,GA,8818,24895,33713
2020-04-07,GU,121,529,650
2020-04-07,HI,387,13155,13542
2020-04-07,IA,1048,11670,12718
2020-04-07,ID,1170,10076,11246
2020-04-07,IL,13549,55183,68732
2020-04-07,IN,5507,23257,28764
2020-04-07,KS,900,8614,9514
2020-04-07,KY,1008,18947,19955
2020-04-07,LA,16284,58371,74655
2020-04-07,MA,15104,66270,81374
2020-04-07,MD,4371,27256,31627
2020-04-07,ME,519,6088,6607
2020-04-07,MI,19823,45550,65373
2020-04-07,MN,1069,28191,29260
2020-04-07,MO,3037,28932,31969
2020-04-07,MP,8,15,23
2020-04-07,MS,1915,18632,20547
2020-04-07,MT,319,6666,6985
2020-04-07,NC,3221,37861,41082
2020-04-07,ND,237,7466,7703
2020-04-07,NE,447,6811,7258
2020-04-07,NH,715,8019,8734
2020-04-07,NJ,44416,50558,94974
2020-04-07,NM,686,21139,21825
2020-04-07,NV,2087,16552,18639
2020-04-07,NY,138863,201195,340058
2020-04-07,OH,4782,46056,50838
2020-04-07,OK,1472,11821,13293
2020-04-07,OR,1181,21826,23007
2020-04-07,PA,14559,76719,91278
2020-04-07,PR,573,3966,4539
2020-04-07,RI,1230,9077,10307
2020-04-07,SC,2417,21263,23680
2020-04-07,SD,320,5948,6268
2020-04-07,TN,4138,48736,52874
2020-04-07,TX,8262,80387,88649
2020-04-07,UT,1738,32909,34647
2020-04-07,VA,3333,25312,28645
2020-04-07,VI,43,222,265
2020-04-07,VT,575,6554,7129
2020-04-07,WA,8859,104511,113370
2020-04-07,WI,2578,28512,31090
2020-04-07,WV,412,11647,12059
2020-04-07,WY,216,3789,4005
2020-04-06,AK,191,6692,6883
2020-04-06,AL,1968,12797,14765
2020-04-06,AR,875,11970,12845
2020-04-06,AS,0,3,3
2020-04-06,AZ,2456,30078,32534
2020-04-06,CA,14336,103095,117431
2020-04-06,CO,4950,20823,25773
2020-04-06,CT,6906,19780,26686
2020-04-06,DC,1097,6356,7453
2020-04-06,DE,673,6321,6994
2020-04-06,FL,13324,109950,123274
2020-04-06,GA,7314,23960,31274
2020-04-06,GU,113,505,618
2020-04-06,HI,371,13155,13526
2020-04-06,IA,946,10653,11599
2020-04-06,ID,1101,9894,10995
2020-04-06,IL,12262,50680,62942
2020-04-06,IN,4944,21247,26191
2020-04-06,KS,845,8239,9084
2020-04-06,KY,955,17812,18767
2020-04-06,LA,14867,54299,69166
2020-04-06,MA,13739,62720,76459
2020-04-06,MD,4045,25572,29617
2020-04-06,ME,499,6088,6587
2020-04-06,MI,18850,43120,61970
2020-04-06,MN,986,27142,28128
2020-04-06,MO,2722,27113,29835
2020-04-06,MP,8,13,21
2020-04-06,MS,1738,18632,20370
2020-04-06,MT,299,6491,6790
2020-04-06,NC,2870,37856,40726
2020-04-06,ND,225,6988,7213
2020-04-06,NE,409,6378,6787
2020-04-06,NH,669,7701,8370
2020-04-06,NJ,41090,47942,89032
2020-04-06,NM,624,18512,19136
2020-04-06,NV,1953,15676,17629
2020-04-06,NY,130689,190122,320811
2020-04-06,OH,4450,43928,48378
2020-04-06,OK,1327,1422,2749
2020-04-06,OR,1132,20669,21801
2020-04-06,PA,12980,70874,83854
2020-04-06,PR,513,3432,3945
2020-04-06,RI,1082,7399,8481
2020-04-06,SC,2049,16927,18976
2020-04-06,SD,288,5732,6020
2020-04-06,TN,3802,43548,47350
2020-04-06,TX,7276,78081,85357
2020-04-06,UT,1675,31719,33394
2020-04-06,VA,2878,21643,24521
2020-04-06,VI,43,222,265
2020-04-06,VT,543,6090,6633
2020-04-06,WA,8523,99837,108360
2020-04-06,WI,2440,26574,29014
2020-04-06,WV,345,9595,9940
2020-04-06,WY,210,3719,3929
2020-04-05,AK,185,6099,6284
2020-04-05,AL,1796,11282,13078
2020-04-05,AR,830,10412,11242
2020-04-05,AS,0,3,3
2020-04-05,AZ,2269,25141,27410
2020-04-05,CA,13438,103095,116533
2020-04-05,CO,4565,19335,23900
2020-04-05,CT,5675,17595,23270
2020-04-05,DC,998,5836,6834
2020-04-05,DE,673,6321,6994
2020-04-05,FL,12151,101253,113404
2020-04-05,GA,6647,21185,27832
2020-04-05,GU,112,493,605
2020-04-05,HI,351,12604,12955
2020-04-05,IA,868,9973,10841
2020-04-05,ID,1077,9184,10261
2020-04-05,IL,11256,47727,58983
2020-04-05,IN,4411,18241,22652
2020-04-05,KS,747,7476,8223
2020-04-05,KY,917,15746,16663
2020-04-05,LA,13010,47315,60325
2020-04-05,MA,12402,59565,71967
2020-04-05,MD,3609,24728,28337
2020-04-05,ME,470,6088,6558
2020-04-05,MI,17567,40331,57898
2020-04-05,MN,935,25842,26777
2020-04-05,MO,2367,24882,27249
2020-04-05,MP,8,13,21
2020-04-05,MS,1638,5580,7218
2020-04-05,MT,286,6317,6603
2020-04-05,NC,2585,37460,40045
2020-04-05,ND,207,6580,6787
2020-04-05,NE,363,5558,5921
2020-04-05,NH,621,7411,8032
2020-04-05,NJ,37505,44661,82166
2020-04-05,NM,543,16285,16828
2020-04-05,NV,1836,14995,16831
2020-04-05,NY,122031,180249,302280
2020-04-05,OH,4043,39713,43756
2020-04-05,OK,1252,1401,2653
2020-04-05,OR,1068,19556,20624
2020-04-05,PA,11510,66261,77771
2020-04-05,PR,475,3073,3548
2020-04-05,RI,922,6259,7181
2020-04-05,SC,2049,16927,18976
2020-04-05,SD,240,5353,5593
2020-04-05,TN,3633,41667,45300
2020-04-05,TX,6812,64126,70938
2020-04-05,UT,1605,29287,30892
2020-04-05,VA,2637,21034,23671
2020-04-05,VI,42,206,248
2020-04-05,VT,512,6070,6582
2020-04-05,WA,8181,95286,103467
2020-04-05,WI,2267,25169,27436
2020-04-05,WV,324,8514,8838
2020-04-05,WY,197,3040,3237
2020-04-04,AK,171,5869,6040
2020-04-04,AL,1580,9273,10853
2020-04-04,AR,743,9627,10370
2020-04-04,AS,0,3,3
2020-04-04,AZ,2019,25141,27160
2020-04-04,CA,12026,101674,113700
2020-04-04,CO,4173,17898,22071
2020-04-04,CT,5276,16753,22029
2020-04-04,DC,902,5536,6438
2020-04-04,DE,593,5874,6467
2020-04-04,FL,11111,90956,102067
2020-04-04,GA,6160,20134,26294
2020-04-04,GU,93,472,565
2020-04-04,HI,319,11959,12278
2020-04-04,IA,786,9454,10240
2020-04-04,ID,1013,7857,8870
2020-04-04,IL,10357,43224,53581
2020-04-04,IN,3953,15847,19800
2020-04-04,KS,698,6880,7578
2020-04-04,KY,831,14741,15572
2020-04-04,LA,12496,46002,58498
2020-04-04,MA,11637,57191,68828
2020-04-04,MD,3125,22485,25610
2020-04-04,ME,456,6088,6544
2020-04-04,MI,16395,37405,53800
2020-04-04,MN,865,24558,25423
2020-04-04,MO,2291,22614,24905
2020-04-04,MP,8,13,21
2020-04-04,MS,1455,5133,6588
2020-04-04,MT,265,5912,6177
2020-04-04,NC,2402,36371,38773
2020-04-04,ND,186,6021,6207
2020-04-04,NE,321,5058,5379
2020-04-04,NH,540,6965,7505
2020-04-04,NJ,34124,41232,75356
2020-04-04,NM,495,15137,15632
2020-04-04,NV,1742,14421,16163
2020-04-04,NY,113704,169917,283621
2020-04-04,OH,3739,38132,41871
2020-04-04,OK,1159,1362,2521
2020-04-04,OR,999,16535,17534
2020-04-04,PA,10017,60013,70030
2020-04-04,PR,452,2605,3057
2020-04-04,RI,806,5584,6390
2020-04-04,SC,1917,16397,18314
2020-04-04,SD,212,5012,5224
2020-04-04,TN,3321,38070,41391
2020-04-04,TX,6110,57641,63751
2020-04-04,UT,1428,26615,28043
2020-04-04,VA,2407,19145,21552
2020-04-04,VI,40,184,224
2020-04-04,VT,461,5383,5844
2020-04-04,WA,7792,93529,101321
2020-04-04,WI,2112,23859,25971
2020-04-04,WV,282,7404,7686
2020-04-04,WY,187,2945,3132
2020-04-03,AK,157,5859,6016
2020-04-03,AL,1432,8187,9619
2020-04-03,AR,704,8995,9699
2020-04-03,AS,0,3,3
2020-04-03,AZ,1769,22904,24673
2020-04-03,CA,10701,24599,35300
2020-04-03,CO,3728,16683,20411
2020-04-03,CT,4914,15101,20015
2020-04-03,DC,757,4827,5584
2020-04-03,DE,450,4995,5445
2020-04-03,FL,9585,82137,91722
2020-04-03,GA,5831,19434,25265
2020-04-03,GU,84,459,543
2020-04-03,HI,285,10206,10491
2020-04-03,IA,699,8754,9453
2020-04-03,ID,891,7054,7945
2020-04-03,IL,8904,39144,48048
2020-04-03,IN,3437,14398,17835
2020-04-03,KS,620,6454,7074
2020-04-03,KY,770,12034,12804
2020-04-03,LA,10297,43348,53645
2020-04-03,MA,10303,52685,62988
2020-04-03,MD,2758,20932,23690
2020-04-03,ME,432,6088,6520
2020-04-03,MI,15252,33670,48922
2020-04-03,MN,789,23438,24227
2020-04-03,MO,2113,19357,21470
2020-04-03,MP,8,13,21
2020-04-03,MS,1358,4753,6111
2020-04-03,MT,243,5333,5576
2020-04-03,NC,2093,29505,31598
2020-04-03,ND,173,5625,5798
2020-04-03,NE,279,4487,4766
2020-04-03,NH,479,6575,7054
2020-04-03,NJ,29895,37608,67503
2020-04-03,NM,403,14375,14778
2020-04-03,NV,1514,13018,14532
2020-04-03,NY,102863,157657,260520
2020-04-03,OH,3312,35063,38375
2020-04-03,OK,988,1315,2303
2020-04-03,OR,899,16535,17434
2020-04-03,PA,8420,53695,62115
2020-04-03,PR,378,2049,2427
2020-04-03,RI,709,4857,5566
2020-04-03,SC,1554,5441,6995
2020-04-03,SD,187,4593,4780
2020-04-03,TN,3067,34772,37839
2020-04-03,TX,5330,50434,55764
2020-04-03,UT,1246,23002,24248
2020-04-03,VA,2012,16993,19005
2020-04-03,VI,38,154,192
2020-04-03,VT,389,4839,5228
2020-04-03,WA,7424,91184,98608
2020-04-03,WI,1912,22377,24289
2020-04-03,WV,237,6130,6367
2020-04-03,WY,162,2704,2866
2020-04-02,AK,143,4879,5022
2020-04-02,AL,1233,7503,8736
2020-04-02,AR,643,7880,8523
2020-04-02,AS,0,3,3
2020-04-02,AZ,1598,21111,22709
2020-04-02,CA,9191,23809,33000
2020-04-02,CO,3342,15303,18645
2020-04-02,CT,3824,14476,18300
2020-04-02,DC,653,4417,5070
2020-04-02,DE,393,4566,4959
2020-04-02,FL,8010,69286,77296
2020-04-02,GA,5348,17609,22957
2020-04-02,GU,82,442,524
2020-04-02,HI,258,10206,10464
2020-04-02,IA,614,8054,8668
2020-04-02,ID,669,6613,7282
2020-04-02,IL,7695,35961,43656
2020-04-02,IN,3039,13246,16285
2020-04-02,KS,552,6059,6611
2020-04-02,KY,680,7220,7900
2020-04-02,LA,9150,41936,51086
2020-04-02,MA,8867,47767,56634
2020-04-02,MD,2331,18890,21221
2020-04-02,ME,376,6088,6464
2020-04-02,MI,14117,30368,44485
2020-04-02,MN,742,21652,22394
2020-04-02,MO,1834,17849,19683
2020-04-02,MP,8,13,21
2020-04-02,MS,1177,4753,5930
2020-04-02,MT,227,5093,5320
2020-04-02,NC,1857,26822,28679
2020-04-02,ND,159,4821,4980
2020-04-02,NE,246,3978,4224
2020-04-02,NH,415,6078,6493
2020-04-02,NJ,25590,33520,59110
2020-04-02,NM,363,13648,14011
2020-04-02,NV,1458,12588,14046
2020-04-02,NY,92381,146584,238965
2020-04-02,OH,2902,32016,34918
2020-04-02,OK,879,1265,2144
2020-04-02,OR,826,15259,16085
2020-04-02,PA,7016,47698,54714
2020-04-02,PR,316,1604,1920
2020-04-02,RI,657,4412,5069
2020-04-02,SC,1554,5441,6995
2020-04-02,SD,165,4217,4382
2020-04-02,TN,2845,31766,34611
2020-04-02,TX,4669,46010,50679
2020-04-02,UT,1074,20155,21229
2020-04-02,VA,1706,15883,17589
2020-04-02,VI,33,149,182
2020-04-02,VT,338,4711,5049
2020-04-02,WA,6893,86889,93782
2020-04-02,WI,1730,20317,22047
2020-04-02,WV,217,5276,5493
2020-04-02,WY,150,2439,2589
2020-04-01,AK,133,4470,4603
2020-04-01,AL,1077,6697,7774
2020-04-01,AR,584,7354,7938
2020-04-01,AS,0,3,3
2020-04-01,AZ,1413,19645,21058
2020-04-01,CA,8155,21772,29927
2020-04-01,CO,2966,13883,16849
2020-04-01,CT,3557,13043,16600
2020-04-01,DC,586,3262,3848
2020-04-01,DE,368,4015,4383
2020-04-01,FL,6955,59529,66484
2020-04-01,GA,4638,15688,20326
2020-04-01,GU,77,406,483
2020-04-01,HI,208,8721,8929
2020-04-01,IA,549,7304,7853
2020-04-01,ID,525,6076,6601
2020-04-01,IL,6980,33404,40384
2020-04-01,IN,2565,11810,14375
2020-04-01,KS,482,5411,5893
2020-04-01,KY,591,6965,7556
2020-04-01,LA,6424,39352,45776
2020-04-01,MA,7639,44125,51764
2020-04-01,MD,1985,17233,19218
2020-04-01,ME,344,6088,6432
2020-04-01,MI,12888,27237,40125
2020-04-01,MN,689,20502,21191
2020-04-01,MO,1581,15846,17427
2020-04-01,MP,6,NA,6
2020-04-01,MS,1073,3712,4785
2020-04-01,MT,208,4710,4918
2020-04-01,NC,1584,24659,26243
2020-04-01,ND,142,4351,4493
2020-04-01,NE,210,3475,3685
2020-04-01,NH,415,5985,6400
2020-04-01,NJ,22255,30387,52642
2020-04-01,NM,315,12925,13240
2020-04-01,NV,1279,11519,12798
2020-04-01,NY,83712,137168,220880
2020-04-01,OH,2547,26992,29539
2020-04-01,OK,719,1248,1967
2020-04-01,OR,736,13136,13872
2020-04-01,PA,5805,42427,48232
2020-04-01,PR,286,1409,1695
2020-04-01,RI,566,3831,4397
2020-04-01,SC,1293,5033,6326
2020-04-01,SD,129,3903,4032
2020-04-01,TN,2683,29769,32452
2020-04-01,TX,3997,43860,47857
2020-04-01,UT,1012,20155,21167
2020-04-01,VA,1484,13860,15344
2020-04-01,VI,30,126,156
2020-04-01,VT,321,4174,4495
2020-04-01,WA,6540,82557,89097
2020-04-01,WI,1550,18819,20369
2020-04-01,WV,191,4384,4575
2020-04-01,WY,130,2218,2348
2020-03-31,AK,119,3594,3713
2020-03-31,AL,981,6298,7279
2020-03-31,AR,523,5959,6482
2020-03-31,AS,0,3,3
2020-03-31,AZ,1289,18082,19371
2020-03-31,CA,7482,21772,29254
2020-03-31,CO,2627,12737,15364
2020-03-31,CT,3128,13029,16157
2020-03-31,DC,495,3262,3757
2020-03-31,DE,319,3696,4015
2020-03-31,FL,6338,54285,60623
2020-03-31,GA,3929,12252,16181
2020-03-31,GU,69,371,440
2020-03-31,HI,204,8471,8675
2020-03-31,IA,497,6888,7385
2020-03-31,ID,415,5297,5712
2020-03-31,IL,5994,29231,35225
2020-03-31,IN,2159,11214,13373
2020-03-31,KS,428,4996,5424
2020-03-31,KY,480,6330,6810
2020-03-31,LA,5237,33730,38967
2020-03-31,MA,6521,40440,46961
2020-03-31,MD,1660,14868,16528
2020-03-31,ME,303,6088,6391
2020-03-31,MI,11875,23979,35854
2020-03-31,MN,629,19151,19780
2020-03-31,MO,1327,14614,15941
2020-03-31,MP,2,NA,2
2020-03-31,MS,937,3537,4474
2020-03-31,MT,184,4234,4418
2020-03-31,NC,1498,21608,23106
2020-03-31,ND,126,4131,4257
2020-03-31,NE,172,2931,3103
2020-03-31,NH,314,5413,5727
2020-03-31,NJ,18696,27077,45773
2020-03-31,NM,281,12246,12527
2020-03-31,NV,1113,10681,11794
2020-03-31,NY,75795,129391,205186
2020-03-31,OH,2199,26992,29191
2020-03-31,OK,565,1229,1794
2020-03-31,OR,690,13136,13826
2020-03-31,PA,4843,37645,42488
2020-03-31,PR,239,1195,1434
2020-03-31,RI,489,3476,3965
2020-03-31,SC,1083,4616,5699
2020-03-31,SD,108,3609,3717
2020-03-31,TN,2239,25121,27360
2020-03-31,TX,3266,39726,42992
2020-03-31,UT,887,17626,18513
2020-03-31,VA,1250,12151,13401
2020-03-31,VI,30,126,156
2020-03-31,VT,293,3957,4250
2020-03-31,WA,6049,78384,84433
2020-03-31,WI,1351,17375,18726
2020-03-31,WV,162,3981,4143
2020-03-31,WY,109,1999,2108
2020-03-30,AK,114,3540,3654
2020-03-30,AL,859,5694,6553
2020-03-30,AR,473,5262,5735
2020-03-30,AS,NA,NA,0
2020-03-30,AZ,1157,15602,16759
2020-03-30,CA,6447,20549,26996
2020-03-30,CO,2627,12737,15364
2020-03-30,CT,2571,12029,14600
2020-03-30,DC,401,2682,3083
2020-03-30,DE,264,2216,2480
2020-03-30,FL,5473,48225,53698
2020-03-30,GA,2809,9915,12724
2020-03-30,GU,58,352,410
2020-03-30,HI,175,7825,8000
2020-03-30,IA,424,6162,6586
2020-03-30,ID,310,4396,4706
2020-03-30,IL,5057,25389,30446
2020-03-30,IN,1786,9872,11658
2020-03-30,KS,368,4554,4922
2020-03-30,KY,439,5579,6018
2020-03-30,LA,4025,30008,34033
2020-03-30,MA,5653,37166,42819
2020-03-30,MD,1413,13316,14729
2020-03-30,ME,275,3394,3669
2020-03-30,MI,10901,21183,32084
2020-03-30,MN,576,18246,18822
2020-03-30,MO,1031,13204,14235
2020-03-30,MP,2,NA,2
2020-03-30,MS,847,2989,3836
2020-03-30,MT,171,4143,4314
2020-03-30,NC,1307,19557,20864
2020-03-30,ND,109,3728,3837
2020-03-30,NE,145,2584,2729
2020-03-30,NH,314,5386,5700
2020-03-30,NJ,16636,25224,41860
2020-03-30,NM,237,10942,11179
2020-03-30,NV,1008,10207,11215
2020-03-30,NY,66497,119971,186468
2020-03-30,OH,1933,25342,27275
2020-03-30,OK,481,1207,1688
2020-03-30,OR,606,12277,12883
2020-03-30,PA,4087,33777,37864
2020-03-30,PR,174,931,1105
2020-03-30,RI,402,3187,3589
2020-03-30,SC,925,4160,5085
2020-03-30,SD,101,3478,3579
2020-03-30,TN,1834,21470,23304
2020-03-30,TX,2877,33003,35880
2020-03-30,UT,806,15197,16003
2020-03-30,VA,1020,11018,12038
2020-03-30,VI,30,126,156
2020-03-30,VT,256,3674,3930
2020-03-30,WA,5589,74258,79847
2020-03-30,WI,1221,15856,17077
2020-03-30,WV,126,2984,3110
2020-03-30,WY,94,1840,1934
2020-03-29,AK,102,3232,3334
2020-03-29,AL,806,4184,4990
2020-03-29,AR,426,3027,3453
2020-03-29,AS,NA,NA,0
2020-03-29,AZ,919,12953,13872
2020-03-29,CA,5708,20549,26257
2020-03-29,CO,2061,11215,13276
2020-03-29,CT,1993,9907,11900
2020-03-29,DC,342,2469,2811
2020-03-29,DE,232,36,268
2020-03-29,FL,4246,39070,43316
2020-03-29,GA,2651,9913,12564
2020-03-29,GU,56,334,390
2020-03-29,HI,151,6849,7000
2020-03-29,IA,336,5013,5349
2020-03-29,ID,261,4021,4282
2020-03-29,IL,4596,23166,27762
2020-03-29,IN,1514,8316,9830
2020-03-29,KS,319,4194,4513
2020-03-29,KY,394,5147,5541
2020-03-29,LA,3540,24331,27871
2020-03-29,MA,4856,34234,39090
2020-03-29,MD,1239,12354,13593
2020-03-29,ME,253,3394,3647
2020-03-29,MI,10010,15676,25686
2020-03-29,MN,503,17154,17657
2020-03-29,MO,838,11547,12385
2020-03-29,MP,2,NA,2
2020-03-29,MS,758,2560,3318
2020-03-29,MT,154,4143,4297
2020-03-29,NC,1040,17905,18945
2020-03-29,ND,98,3355,3453
2020-03-29,NE,108,1968,2076
2020-03-29,NH,214,4524,4738
2020-03-29,NJ,13386,22216,35602
2020-03-29,NM,237,10769,11006
2020-03-29,NV,738,8412,9150
2020-03-29,NY,59513,112847,172360
2020-03-29,OH,1653,19012,20665
2020-03-29,OK,429,1205,1634
2020-03-29,OR,548,10878,11426
2020-03-29,PA,3394,30061,33455
2020-03-29,PR,127,841,968
2020-03-29,RI,294,2840,3134
2020-03-29,SC,774,3015,3789
2020-03-29,SD,90,3127,3217
2020-03-29,TN,1537,19037,20574
2020-03-29,TX,2552,23208,25760
2020-03-29,UT,719,13274,13993
2020-03-29,VA,890,9719,10609
2020-03-29,VI,23,123,146
2020-03-29,VT,235,3466,3701
2020-03-29,WA,5121,69788,74909
2020-03-29,WI,1112,16550,17662
2020-03-29,WV,113,2705,2818
2020-03-29,WY,86,1554,1640
2020-03-28,AK,85,2836,2921
2020-03-28,AL,696,4184,4880
2020-03-28,AR,404,2938,3342
2020-03-28,AS,NA,NA,0
2020-03-28,AZ,873,7455,8328
2020-03-28,CA,4643,20549,25192
2020-03-28,CO,1734,9942,11676
2020-03-28,CT,1291,7109,8400
2020-03-28,DC,304,2211,2515
2020-03-28,DE,214,36,250
2020-03-28,FL,3763,35366,39129
2020-03-28,GA,2366,8685,11051
2020-03-28,GU,55,299,354
2020-03-28,HI,120,4357,4477
2020-03-28,IA,298,4375,4673
2020-03-28,ID,230,3342,3572
2020-03-28,IL,3491,22000,25491
2020-03-28,IN,1232,7175,8407
2020-03-28,KS,261,3671,3932
2020-03-28,KY,302,4821,5123
2020-03-28,LA,3315,21846,25161
2020-03-28,MA,4158,30915,35073
2020-03-28,MD,992,11516,12508
2020-03-28,ME,211,3394,3605
2020-03-28,MI,9287,14183,23470
2020-03-28,MN,441,15688,16129
2020-03-28,MO,838,10082,10920
2020-03-28,MP,2,NA,2
2020-03-28,MS,663,2560,3223
2020-03-28,MT,129,3256,3385
2020-03-28,NC,935,16592,17527
2020-03-28,ND,83,2809,2892
2020-03-28,NE,96,1904,2000
2020-03-28,NH,187,3656,3843
2020-03-28,NJ,11124,19386,30510
2020-03-28,NM,191,9196,9387
2020-03-28,NV,621,7901,8522
2020-03-28,NY,52318,103616,155934
2020-03-28,OH,1406,19012,20418
2020-03-28,OK,377,1180,1557
2020-03-28,OR,479,9693,10172
2020-03-28,PA,2751,25254,28005
2020-03-28,PR,100,739,839
2020-03-28,RI,239,2541,2780
2020-03-28,SC,539,2408,2947
2020-03-28,SD,68,2592,2660
2020-03-28,TN,1373,16965,18338
2020-03-28,TX,2052,23208,25260
2020-03-28,UT,602,10710,11312
2020-03-28,VA,739,8427,9166
2020-03-28,VI,22,106,128
2020-03-28,VT,211,2163,2374
2020-03-28,WA,4737,68202,72939
2020-03-28,WI,989,15232,16221
2020-03-28,WV,96,2331,2427
2020-03-28,WY,82,1475,1557
2020-03-27,AK,69,2319,2388
2020-03-27,AL,587,4184,4771
2020-03-27,AR,381,1545,1926
2020-03-27,AS,NA,NA,0
2020-03-27,AZ,736,7455,8191
2020-03-27,CA,3879,17380,21259
2020-03-27,CO,1430,8692,10122
2020-03-27,CT,1291,7109,8400
2020-03-27,DC,267,1897,2164
2020-03-27,DE,163,36,199
2020-03-27,FL,2765,28186,30951
2020-03-27,GA,2001,7864,9865
2020-03-27,GU,51,299,350
2020-03-27,HI,106,4357,4463
2020-03-27,IA,235,3740,3975
2020-03-27,ID,189,2668,2857
2020-03-27,IL,3026,18516,21542
2020-03-27,IN,981,5955,6936
2020-03-27,KS,202,3229,3431
2020-03-27,KY,248,3768,4016
2020-03-27,LA,2746,18613,21359
2020-03-27,MA,3151,26244,29395
2020-03-27,MD,774,94,868
2020-03-27,ME,168,3394,3562
2020-03-27,MI,8659,12639,21298
2020-03-27,MN,398,13605,14003
2020-03-27,MO,669,369,1038
2020-03-27,MP,0,NA,0
2020-03-27,MS,579,2560,3139
2020-03-27,MT,108,2590,2698
2020-03-27,NC,763,14373,15136
2020-03-27,ND,65,2427,2492
2020-03-27,NE,85,1761,1846
2020-03-27,NH,158,3395,3553
2020-03-27,NJ,8825,16547,25372
2020-03-27,NM,136,8377,8513
2020-03-27,NV,535,6161,6696
2020-03-27,NY,44635,101118,145753
2020-03-27,OH,1137,19012,20149
2020-03-27,OK,322,1084,1406
2020-03-27,OR,414,8510,8924
2020-03-27,PA,2218,21016,23234
2020-03-27,PR,79,519,598
2020-03-27,RI,203,2306,2509
2020-03-27,SC,456,2307,2763
2020-03-27,SD,58,2387,2445
2020-03-27,TN,1203,14888,16091
2020-03-27,TX,1731,21935,23666
2020-03-27,UT,480,8764,9244
2020-03-27,VA,604,6733,7337
2020-03-27,VI,19,55,74
2020-03-27,VT,184,2077,2261
2020-03-27,WA,4305,65887,70192
2020-03-27,WI,842,13140,13982
2020-03-27,WV,76,1779,1855
2020-03-27,WY,70,1211,1281
2020-03-26,AK,59,1801,1860
2020-03-26,AL,506,3593,4099
2020-03-26,AR,335,1504,1839
2020-03-26,AS,NA,NA,0
2020-03-26,AZ,577,347,924
2020-03-26,CA,3006,17380,20386
2020-03-26,CO,1086,6978,8064
2020-03-26,CT,1012,5625,6637
2020-03-26,DC,231,1626,1857
2020-03-26,DE,130,36,166
2020-03-26,FL,2355,23741,26096
2020-03-26,GA,1525,7401,8926
2020-03-26,GU,45,263,308
2020-03-26,HI,95,4357,4452
2020-03-26,IA,179,2578,2757
2020-03-26,ID,123,2065,2188
2020-03-26,IL,2538,14093,16631
2020-03-26,IN,645,4006,4651
2020-03-26,KS,168,2869,3037
2020-03-26,KY,198,3102,3300
2020-03-26,LA,2305,15724,18029
2020-03-26,MA,2318,21327,23645
2020-03-26,MD,580,94,674
2020-03-26,ME,155,3394,3549
2020-03-26,MI,7767,10305,18072
2020-03-26,MN,346,12604,12950
2020-03-26,MO,502,369,871
2020-03-26,MP,0,NA,0
2020-03-26,MS,485,2291,2776
2020-03-26,MT,71,2128,2199
2020-03-26,NC,636,12274,12910
2020-03-26,ND,52,2039,2091
2020-03-26,NE,73,1584,1657
2020-03-26,NH,137,3001,3138
2020-03-26,NJ,6876,13661,20537
2020-03-26,NM,112,7681,7793
2020-03-26,NV,420,4697,5117
2020-03-26,NY,37258,84846,122104
2020-03-26,OH,867,16449,17316
2020-03-26,OK,248,958,1206
2020-03-26,OR,327,6953,7280
2020-03-26,PA,1687,16441,18128
2020-03-26,PR,64,377,441
2020-03-26,RI,165,1262,1427
2020-03-26,SC,456,2307,2763
2020-03-26,SD,46,1973,2019
2020-03-26,TN,957,13952,14909
2020-03-26,TX,1396,20028,21424
2020-03-26,UT,402,7308,7710
2020-03-26,VA,460,5729,6189
2020-03-26,VI,17,55,72
2020-03-26,VT,158,1850,2008
2020-03-26,WA,3822,61987,65809
2020-03-26,WI,707,11583,12290
2020-03-26,WV,51,1031,1082
2020-03-26,WY,53,1052,1105
2020-03-25,AK,42,1649,1691
2020-03-25,AL,283,2529,2812
2020-03-25,AR,280,1437,1717
2020-03-25,AS,NA,NA,0
2020-03-25,AZ,450,323,773
2020-03-25,CA,2355,15921,18276
2020-03-25,CO,912,6789,7701
2020-03-25,CT,875,5023,5898
2020-03-25,DC,183,1423,1606
2020-03-25,DE,115,36,151
2020-03-25,FL,1682,15374,17056
2020-03-25,GA,1247,4932,6179
2020-03-25,GU,37,233,270
2020-03-25,HI,90,4357,4447
2020-03-25,IA,145,2578,2723
2020-03-25,ID,73,1887,1960
2020-03-25,IL,1865,12344,14209
2020-03-25,IN,477,2879,3356
2020-03-25,KS,126,2360,2486
2020-03-25,KY,157,2865,3022
2020-03-25,LA,1795,9656,11451
2020-03-25,MA,1739,18079,19818
2020-03-25,MD,423,94,517
2020-03-25,ME,149,3177,3326
2020-03-25,MI,7060,7537,14597
2020-03-25,MN,287,11188,11475
2020-03-25,MO,356,369,725
2020-03-25,MP,0,NA,0
2020-03-25,MS,377,1566,1943
2020-03-25,MT,53,1948,2001
2020-03-25,NC,504,9985,10489
2020-03-25,ND,39,1734,1773
2020-03-25,NE,61,1304,1365
2020-03-25,NH,108,2356,2464
2020-03-25,NJ,4402,10452,14854
2020-03-25,NM,100,6742,6842
2020-03-25,NV,321,4251,4572
2020-03-25,NY,30811,72668,103479
2020-03-25,OH,704,14060,14764
2020-03-25,OK,164,805,969
2020-03-25,OR,209,4350,4559
2020-03-25,PA,1127,11193,12320
2020-03-25,PR,51,317,368
2020-03-25,RI,132,1262,1394
2020-03-25,SC,424,2303,2727
2020-03-25,SD,41,819,860
2020-03-25,TN,784,11012,11796
2020-03-25,TX,974,12520,13494
2020-03-25,UT,346,6491,6837
2020-03-25,VA,391,4979,5370
2020-03-25,VI,17,55,72
2020-03-25,VT,123,1589,1712
2020-03-25,WA,3339,57929,61268
2020-03-25,WI,585,10089,10674
2020-03-25,WV,39,759,798
2020-03-25,WY,44,954,998
2020-03-24,AK,36,986,1022
2020-03-24,AL,215,2106,2321
2020-03-24,AR,218,947,1165
2020-03-24,AS,NA,NA,0
2020-03-24,AZ,357,313,670
2020-03-24,CA,2102,13452,15554
2020-03-24,CO,720,5504,6224
2020-03-24,CT,618,4682,5300
2020-03-24,DC,137,1195,1332
2020-03-24,DE,91,36,127
2020-03-24,FL,1412,13127,14539
2020-03-24,GA,1026,4458,5484
2020-03-24,GU,32,201,233
2020-03-24,HI,77,3589,3666
2020-03-24,IA,124,2315,2439
2020-03-24,ID,50,1887,1937
2020-03-24,IL,1535,9934,11469
2020-03-24,IN,365,2566,2931
2020-03-24,KS,98,2086,2184
2020-03-24,KY,124,1762,1886
2020-03-24,LA,1388,7215,8603
2020-03-24,MA,1060,12714,13774
2020-03-24,MD,349,94,443
2020-03-24,ME,125,3014,3139
2020-03-24,MI,6441,5796,12237
2020-03-24,MN,262,5550,5812
2020-03-24,MO,183,369,552
2020-03-24,MP,0,NA,0
2020-03-24,MS,320,1552,1872
2020-03-24,MT,46,1643,1689
2020-03-24,NC,398,8141,8539
2020-03-24,ND,34,1454,1488
2020-03-24,NE,52,975,1027
2020-03-24,NH,101,1447,1548
2020-03-24,NJ,3675,8325,12000
2020-03-24,NM,83,5890,5973
2020-03-24,NV,278,3954,4232
2020-03-24,NY,25665,65605,91270
2020-03-24,OH,564,140,704
2020-03-24,OK,106,735,841
2020-03-24,OR,209,4350,4559
2020-03-24,PA,851,8643,9494
2020-03-24,PR,39,268,307
2020-03-24,RI,124,1200,1324
2020-03-24,SC,298,2012,2310
2020-03-24,SD,30,790,820
2020-03-24,TN,667,10517,11184
2020-03-24,TX,410,10757,11167
2020-03-24,UT,299,5524,5823
2020-03-24,VA,290,4180,4470
2020-03-24,VI,17,NA,17
2020-03-24,VT,95,1440,1535
2020-03-24,WA,2877,53341,56218
2020-03-24,WI,457,8237,8694
2020-03-24,WV,20,610,630
2020-03-24,WY,29,710,739
2020-03-23,AK,22,946,968
2020-03-23,AL,167,1665,1832
2020-03-23,AR,174,906,1080
2020-03-23,AS,NA,NA,0
2020-03-23,AZ,265,309,574
2020-03-23,CA,1733,12567,14300
2020-03-23,CO,591,4845,5436
2020-03-23,CT,415,4085,4500
2020-03-23,DC,116,1113,1229
2020-03-23,DE,68,36,104
2020-03-23,FL,1171,11063,12234
2020-03-23,GA,772,4297,5069
2020-03-23,GU,29,161,190
2020-03-23,HI,56,2955,3011
2020-03-23,IA,105,2043,2148
2020-03-23,ID,47,1309,1356
2020-03-23,IL,1273,8583,9856
2020-03-23,IN,259,1701,1960
2020-03-23,KS,82,417,499
2020-03-23,KY,104,1762,1866
2020-03-23,LA,1172,4776,5948
2020-03-23,MA,678,8263,8941
2020-03-23,MD,288,94,382
2020-03-23,ME,107,2791,2898
2020-03-23,MI,5789,4697,10486
2020-03-23,MN,235,4511,4746
2020-03-23,MO,183,369,552
2020-03-23,MP,0,NA,0
2020-03-23,MS,249,1143,1392
2020-03-23,MT,34,1146,1180
2020-03-23,NC,297,8141,8438
2020-03-23,ND,30,1353,1383
2020-03-23,NE,50,356,406
2020-03-23,NH,78,1374,1452
2020-03-23,NJ,2844,359,3203
2020-03-23,NM,65,5321,5386
2020-03-23,NV,245,3490,3735
2020-03-23,NY,20875,57414,78289
2020-03-23,OH,442,140,582
2020-03-23,OK,81,694,775
2020-03-23,OR,191,3649,3840
2020-03-23,PA,644,6595,7239
2020-03-23,PR,31,189,220
2020-03-23,RI,106,1143,1249
2020-03-23,SC,298,1466,1764
2020-03-23,SD,28,762,790
2020-03-23,TN,615,3272,3887
2020-03-23,TX,352,9703,10055
2020-03-23,UT,257,4790,5047
2020-03-23,VA,254,3443,3697
2020-03-23,VI,17,NA,17
2020-03-23,VT,75,1106,1181
2020-03-23,WA,2496,48492,50988
2020-03-23,WI,416,7050,7466
2020-03-23,WV,16,444,460
2020-03-23,WY,26,592,618
2020-03-22,AK,22,946,968
2020-03-22,AL,138,1464,1602
2020-03-22,AR,165,711,876
2020-03-22,AS,NA,NA,0
2020-03-22,AZ,152,282,434
2020-03-22,CA,1536,11304,12840
2020-03-22,CO,475,4075,4550
2020-03-22,CT,223,2877,3100
2020-03-22,DC,98,957,1055
2020-03-22,DE,56,36,92
2020-03-22,FL,830,7990,8820
2020-03-22,GA,600,3420,4020
2020-03-22,GU,27,126,153
2020-03-22,HI,48,263,311
2020-03-22,IA,90,1215,1305
2020-03-22,ID,42,1175,1217
2020-03-22,IL,1049,7271,8320
2020-03-22,IN,201,1293,1494
2020-03-22,KS,64,417,481
2020-03-22,KY,99,1472,1571
2020-03-22,LA,837,2661,3498
2020-03-22,MA,547,5476,6023
2020-03-22,MD,244,94,338
2020-03-22,ME,89,2264,2353
2020-03-22,MI,5098,3712,8810
2020-03-22,MN,169,4511,4680
2020-03-22,MO,90,369,459
2020-03-22,MP,0,NA,0
2020-03-22,MS,207,1114,1321
2020-03-22,MT,31,1146,1177
2020-03-22,NC,255,6183,6438
2020-03-22,ND,28,1260,1288
2020-03-22,NE,48,356,404
2020-03-22,NH,65,1188,1253
2020-03-22,NJ,1914,327,2241
2020-03-22,NM,57,4722,4779
2020-03-22,NV,190,2448,2638
2020-03-22,NY,15168,46233,61401
2020-03-22,OH,351,140,491
2020-03-22,OK,67,669,736
2020-03-22,OR,161,2864,3025
2020-03-22,PA,479,4964,5443
2020-03-22,PR,23,183,206
2020-03-22,RI,83,932,1015
2020-03-22,SC,195,1466,1661
2020-03-22,SD,21,740,761
2020-03-22,TN,505,3272,3777
2020-03-22,TX,334,8422,8756
2020-03-22,UT,181,3508,3689
2020-03-22,VA,219,3118,3337
2020-03-22,VI,6,NA,6
2020-03-22,VT,52,1106,1158
2020-03-22,WA,2284,43640,45924
2020-03-22,WI,385,6230,6615
2020-03-22,WV,12,385,397
2020-03-22,WY,24,438,462
2020-03-21,AK,14,758,772
2020-03-21,AL,124,28,152
2020-03-21,AR,118,567,685
2020-03-21,AS,NA,NA,0
2020-03-21,AZ,104,240,344
2020-03-21,CA,1279,11249,12528
2020-03-21,CO,363,3317,3680
2020-03-21,CT,194,2106,2300
2020-03-21,DC,77,506,583
2020-03-21,DE,45,36,81
2020-03-21,FL,658,6579,7237
2020-03-21,GA,507,2557,3064
2020-03-21,GU,15,108,123
2020-03-21,HI,37,124,161
2020-03-21,IA,68,1049,1117
2020-03-21,ID,31,880,911
2020-03-21,IL,753,5488,6241
2020-03-21,IN,126,707,833
2020-03-21,KS,55,417,472
2020-03-21,KY,54,714,768
2020-03-21,LA,585,2180,2765
2020-03-21,MA,426,4799,5225
2020-03-21,MD,190,94,284
2020-03-21,ME,73,2264,2337
2020-03-21,MI,4543,3696,8239
2020-03-21,MN,138,3952,4090
2020-03-21,MO,73,369,442
2020-03-21,MP,0,NA,0
2020-03-21,MS,140,695,835
2020-03-21,MT,20,1146,1166
2020-03-21,NC,184,5092,5276
2020-03-21,ND,28,1141,1169
2020-03-21,NE,38,356,394
2020-03-21,NH,55,973,1028
2020-03-21,NJ,1327,294,1621
2020-03-21,NM,57,3771,3828
2020-03-21,NV,124,2384,2508
2020-03-21,NY,10356,35081,45437
2020-03-21,OH,247,140,387
2020-03-21,OK,53,560,613
2020-03-21,OR,114,2003,2117
2020-03-21,PA,371,3766,4137
2020-03-21,PR,21,143,164
2020-03-21,RI,66,862,928
2020-03-21,SC,152,1255,1407
2020-03-21,SD,14,691,705
2020-03-21,TN,371,3272,3643
2020-03-21,TX,304,6218,6522
2020-03-21,UT,136,2424,2560
2020-03-21,VA,152,2638,2790
2020-03-21,VI,6,NA,6
2020-03-21,VT,29,779,808
2020-03-21,WA,2042,41936,43978
2020-03-21,WI,281,4628,4909
2020-03-21,WV,11,330,341
2020-03-21,WY,23,438,461
2020-03-20,AK,12,686,698
2020-03-20,AL,81,28,109
2020-03-20,AR,96,351,447
2020-03-20,AS,NA,NA,0
2020-03-20,AZ,65,211,276
2020-03-20,CA,1063,10424,11487
2020-03-20,CO,277,2675,2952
2020-03-20,CT,194,604,798
2020-03-20,DC,71,501,572
2020-03-20,DE,38,36,74
2020-03-20,FL,520,1870,2390
2020-03-20,GA,420,1966,2386
2020-03-20,GU,14,86,100
2020-03-20,HI,26,124,150
2020-03-20,IA,45,642,687
2020-03-20,ID,23,590,613
2020-03-20,IL,585,3696,4281
2020-03-20,IN,79,475,554
2020-03-20,KS,44,417,461
2020-03-20,KY,47,592,639
2020-03-20,LA,479,568,1047
2020-03-20,MA,314,3795,4109
2020-03-20,MD,149,94,243
2020-03-20,ME,57,2264,2321
2020-03-20,MI,4027,2746,6773
2020-03-20,MN,115,3741,3856
2020-03-20,MO,47,369,416
2020-03-20,MP,0,NA,0
2020-03-20,MS,80,695,775
2020-03-20,MT,16,931,947
2020-03-20,NC,137,3096,3233
2020-03-20,ND,20,800,820
2020-03-20,NE,32,240,272
2020-03-20,NH,44,745,789
2020-03-20,NJ,890,264,1154
2020-03-20,NM,43,3771,3814
2020-03-20,NV,109,1992,2101
2020-03-20,NY,7102,25325,32427
2020-03-20,OH,169,140,309
2020-03-20,OK,49,538,587
2020-03-20,OR,114,2003,2117
2020-03-20,PA,268,2574,2842
2020-03-20,PR,14,114,128
2020-03-20,RI,54,800,854
2020-03-20,SC,81,833,914
2020-03-20,SD,14,663,677
2020-03-20,TN,228,563,791
2020-03-20,TX,194,5083,5277
2020-03-20,UT,112,2035,2147
2020-03-20,VA,114,2211,2325
2020-03-20,VI,3,NA,3
2020-03-20,VT,29,779,808
2020-03-20,WA,1804,39828,41632
2020-03-20,WI,206,3455,3661
2020-03-20,WV,7,219,226
2020-03-20,WY,19,331,350
2020-03-19,AK,6,432,438
2020-03-19,AL,68,28,96
2020-03-19,AR,46,310,356
2020-03-19,AS,NA,NA,0
2020-03-19,AZ,44,175,219
2020-03-19,CA,924,8787,9711
2020-03-19,CO,216,2112,2328
2020-03-19,CT,96,604,700
2020-03-19,DC,39,153,192
2020-03-19,DE,30,36,66
2020-03-19,FL,390,1533,1923
2020-03-19,GA,287,1544,1831
2020-03-19,GU,12,69,81
2020-03-19,HI,16,93,109
2020-03-19,IA,38,83,121
2020-03-19,ID,11,459,470
2020-03-19,IL,422,2725,3147
2020-03-19,IN,56,324,380
2020-03-19,KS,34,417,451
2020-03-19,KY,35,454,489
2020-03-19,LA,347,458,805
2020-03-19,MA,229,2918,3147
2020-03-19,MD,107,94,201
2020-03-19,ME,53,2004,2057
2020-03-19,MI,3392,1785,5177
2020-03-19,MN,89,2949,3038
2020-03-19,MO,24,308,332
2020-03-19,MP,0,NA,0
2020-03-19,MS,50,552,602
2020-03-19,MT,12,761,773
2020-03-19,NC,97,2408,2505
2020-03-19,ND,15,493,508
2020-03-19,NE,27,240,267
2020-03-19,NH,39,621,660
2020-03-19,NJ,742,210,952
2020-03-19,NM,35,2762,2797
2020-03-19,NV,95,1626,1721
2020-03-19,NY,4152,18132,22284
2020-03-19,OH,119,140,259
2020-03-19,OK,44,466,510
2020-03-19,OR,88,1329,1417
2020-03-19,PA,185,1608,1793
2020-03-19,PR,5,56,61
2020-03-19,RI,44,654,698
2020-03-19,SC,60,583,643
2020-03-19,SD,11,551,562
2020-03-19,TN,154,349,503
2020-03-19,TX,143,2212,2355
2020-03-19,UT,78,1448,1526
2020-03-19,VA,94,1829,1923
2020-03-19,VI,3,NA,3
2020-03-19,VT,22,645,667
2020-03-19,WA,1563,36060,37623
2020-03-19,WI,155,2192,2347
2020-03-19,WV,2,143,145
2020-03-19,WY,18,271,289
2020-03-18,AK,6,406,412
2020-03-18,AL,46,28,74
2020-03-18,AR,33,236,269
2020-03-18,AS,NA,NA,0
2020-03-18,AZ,28,148,176
2020-03-18,CA,611,7981,8592
2020-03-18,CO,183,1617,1800
2020-03-18,CT,68,125,193
2020-03-18,DC,31,138,169
2020-03-18,DE,25,36,61
2020-03-18,FL,314,1225,1539
2020-03-18,GA,197,1311,1508
2020-03-18,GU,8,57,65
2020-03-18,HI,14,93,107
2020-03-18,IA,29,83,112
2020-03-18,ID,9,459,468
2020-03-18,IL,288,1763,2051
2020-03-18,IN,39,154,193
2020-03-18,KS,16,417,433
2020-03-18,KY,26,354,380
2020-03-18,LA,240,335,575
2020-03-18,MA,156,2115,2271
2020-03-18,MD,85,94,179
2020-03-18,ME,43,1670,1713
2020-03-18,MI,2913,1215,4128
2020-03-18,MN,77,2685,2762
2020-03-18,MO,13,253,266
2020-03-18,MP,0,NA,0
2020-03-18,MS,34,479,513
2020-03-18,MT,10,499,509
2020-03-18,NC,63,1787,1850
2020-03-18,ND,6,268,274
2020-03-18,NE,24,206,230
2020-03-18,NH,26,513,539
2020-03-18,NJ,427,190,617
2020-03-18,NM,28,2326,2354
2020-03-18,NV,55,168,223
2020-03-18,NY,2382,12215,14597
2020-03-18,OH,88,140,228
2020-03-18,OK,29,378,407
2020-03-18,OR,75,1118,1193
2020-03-18,PA,133,1187,1320
2020-03-18,PR,5,31,36
2020-03-18,RI,33,540,573
2020-03-18,SC,60,583,643
2020-03-18,SD,11,551,562
2020-03-18,TN,98,349,447
2020-03-18,TX,83,1824,1907
2020-03-18,UT,63,131,194
2020-03-18,VA,77,1201,1278
2020-03-18,VI,2,NA,2
2020-03-18,VT,19,592,611
2020-03-18,WA,1414,31842,33256
2020-03-18,WI,106,1577,1683
2020-03-18,WV,1,122,123
2020-03-18,WY,15,178,193
2020-03-17,AK,3,334,337
2020-03-17,AL,36,28,64
2020-03-17,AR,22,197,219
2020-03-17,AS,NA,NA,NA
2020-03-17,AZ,20,142,162
2020-03-17,CA,483,7981,8464
2020-03-17,CO,160,1056,1216
2020-03-17,CT,41,125,166
2020-03-17,DC,22,104,126
2020-03-17,DE,16,36,52
2020-03-17,FL,186,940,1126
2020-03-17,GA,146,NA,146
2020-03-17,GU,5,41,46
2020-03-17,HI,10,NA,10
2020-03-17,IA,23,83,106
2020-03-17,ID,7,346,353
2020-03-17,IL,159,1340,1499
2020-03-17,IN,30,129,159
2020-03-17,KS,15,382,397
2020-03-17,KY,22,295,317
2020-03-17,LA,171,286,457
2020-03-17,MA,118,1633,1751
2020-03-17,MD,57,94,151
2020-03-17,ME,32,1303,1335
2020-03-17,MI,2393,626,3019
2020-03-17,MN,60,2276,2336
2020-03-17,MO,8,207,215
2020-03-17,MP,0,NA,0
2020-03-17,MS,21,368,389
2020-03-17,MT,8,303,311
2020-03-17,NC,40,474,514
2020-03-17,ND,3,220,223
2020-03-17,NE,21,206,227
2020-03-17,NH,17,355,372
2020-03-17,NJ,267,163,430
2020-03-17,NM,23,1249,1272
2020-03-17,NV,55,168,223
2020-03-17,NY,1700,5506,7206
2020-03-17,OH,67,140,207
2020-03-17,OK,17,247,264
2020-03-17,OR,47,689,736
2020-03-17,PA,96,879,975
2020-03-17,PR,5,13,18
2020-03-17,RI,23,403,426
2020-03-17,SC,33,311,344
2020-03-17,SD,11,551,562
2020-03-17,TN,73,330,403
2020-03-17,TX,64,1204,1268
2020-03-17,UT,51,131,182
2020-03-17,VA,67,961,1028
2020-03-17,VI,2,NA,2
2020-03-17,VT,10,495,505
2020-03-17,WA,1240,27368,28608
2020-03-17,WI,72,1038,1110
2020-03-17,WV,0,80,80
2020-03-17,WY,10,95,105
2020-03-16,AK,1,143,144
2020-03-16,AL,28,28,56
2020-03-16,AR,22,132,154
2020-03-16,AS,NA,NA,NA
2020-03-16,AZ,18,125,143
2020-03-16,CA,335,7981,8316
2020-03-16,CO,131,627,758
2020-03-16,CT,26,125,151
2020-03-16,DC,17,96,113
2020-03-16,DE,8,36,44
2020-03-16,FL,141,684,825
2020-03-16,GA,121,NA,121
2020-03-16,GU,3,23,26
2020-03-16,HI,7,NA,7
2020-03-16,IA,22,83,105
2020-03-16,ID,5,265,270
2020-03-16,IL,93,932,1025
2020-03-16,IN,24,115,139
2020-03-16,KS,11,166,177
2020-03-16,KY,21,234,255
2020-03-16,LA,114,188,302
2020-03-16,MA,97,1199,1296
2020-03-16,MD,37,94,131
2020-03-16,ME,17,764,781
2020-03-16,MI,1933,272,2205
2020-03-16,MN,54,1839,1893
2020-03-16,MO,6,164,170
2020-03-16,MP,0,NA,0
2020-03-16,MS,12,277,289
2020-03-16,MT,7,198,205
2020-03-16,NC,33,296,329
2020-03-16,ND,1,123,124
2020-03-16,NE,18,170,188
2020-03-16,NH,13,271,284
2020-03-16,NJ,178,120,298
2020-03-16,NM,17,566,583
2020-03-16,NV,45,168,213
2020-03-16,NY,950,4543,5493
2020-03-16,OH,50,140,190
2020-03-16,OK,10,174,184
2020-03-16,OR,39,579,618
2020-03-16,PA,76,670,746
2020-03-16,PR,5,9,14
2020-03-16,RI,21,308,329
2020-03-16,SC,28,235,263
2020-03-16,SD,10,494,504
2020-03-16,TN,52,270,322
2020-03-16,TX,57,NA,57
2020-03-16,UT,39,131,170
2020-03-16,VA,51,438,489
2020-03-16,VI,1,NA,1
2020-03-16,VT,8,421,429
2020-03-16,WA,1067,22980,24047
2020-03-16,WI,47,504,551
2020-03-16,WV,0,80,80
2020-03-16,WY,3,NA,3
2020-03-15,AK,1,143,144
2020-03-15,AL,12,28,40
2020-03-15,AR,16,103,119
2020-03-15,AZ,12,121,133
2020-03-15,CA,293,916,1209
2020-03-15,CO,131,627,758
2020-03-15,CT,20,125,145
2020-03-15,DC,16,79,95
2020-03-15,DE,6,36,42
2020-03-15,FL,116,678,794
2020-03-15,GA,99,NA,99
2020-03-15,HI,2,NA,2
2020-03-15,IA,18,83,101
2020-03-15,ID,5,174,179
2020-03-15,IL,64,449,513
2020-03-15,IN,19,102,121
2020-03-15,KS,8,135,143
2020-03-15,KY,16,139,155
2020-03-15,LA,91,156,247
2020-03-15,MA,64,584,648
2020-03-15,MD,31,94,125
2020-03-15,ME,3,91,94
2020-03-15,MI,1480,205,1685
2020-03-15,MN,35,1387,1422
2020-03-15,MO,5,122,127
2020-03-15,MS,10,84,94
2020-03-15,MT,7,103,110
2020-03-15,NC,32,227,259
2020-03-15,ND,1,95,96
2020-03-15,NE,17,80,97
2020-03-15,NH,13,271,284
2020-03-15,NJ,98,120,218
2020-03-15,NM,13,482,495
2020-03-15,NV,21,168,189
2020-03-15,NY,729,4543,5272
2020-03-15,OH,36,139,175
2020-03-15,OK,9,118,127
2020-03-15,OR,36,420,456
2020-03-15,PA,63,205,268
2020-03-15,RI,20,271,291
2020-03-15,SC,19,154,173
2020-03-15,SD,9,327,336
2020-03-15,TN,39,157,196
2020-03-15,TX,56,NA,56
2020-03-15,UT,28,131,159
2020-03-15,VA,45,363,408
2020-03-15,VT,4,348,352
2020-03-15,WA,939,18372,19311
2020-03-15,WI,33,313,346
2020-03-15,WV,0,38,38
2020-03-15,WY,3,NA,3
2020-03-14,AK,1,143,144
2020-03-14,AL,6,22,28
2020-03-14,AR,12,65,77
2020-03-14,AZ,12,121,133
2020-03-14,CA,252,916,1168
2020-03-14,CO,101,610,711
2020-03-14,CT,11,125,136
2020-03-14,DC,10,49,59
2020-03-14,DE,6,36,42
2020-03-14,FL,77,478,555
2020-03-14,GA,66,NA,66
2020-03-14,HI,2,NA,2
2020-03-14,IA,17,83,100
2020-03-14,ID,2,174,176
2020-03-14,IL,46,316,362
2020-03-14,IN,15,74,89
2020-03-14,KS,6,93,99
2020-03-14,KY,14,139,153
2020-03-14,LA,69,109,178
2020-03-14,MA,38,NA,38
2020-03-14,MD,26,94,120
2020-03-14,ME,3,91,94
2020-03-14,MI,1196,205,1401
2020-03-14,MN,21,847,868
2020-03-14,MO,4,90,94
2020-03-14,MS,6,84,90
2020-03-14,MT,5,103,108
2020-03-14,NC,23,137,160
2020-03-14,ND,1,54,55
2020-03-14,NE,14,80,94
2020-03-14,NH,7,212,219
2020-03-14,NJ,50,97,147
2020-03-14,NM,10,237,247
2020-03-14,NV,20,168,188
2020-03-14,NY,524,2779,3303
2020-03-14,OH,13,50,63
2020-03-14,OK,4,36,40
2020-03-14,OR,30,337,367
2020-03-14,PA,47,205,252
2020-03-14,RI,20,198,218
2020-03-14,SC,13,110,123
2020-03-14,SD,9,182,191
2020-03-14,TN,32,130,162
2020-03-14,TX,51,NA,51
2020-03-14,UT,6,131,137
2020-03-14,VA,30,117,147
2020-03-14,VT,4,227,231
2020-03-14,WA,806,16783,17589
2020-03-14,WI,19,169,188
2020-03-14,WV,0,26,26
2020-03-14,WY,2,NA,2
2020-03-13,AK,1,59,60
2020-03-13,AL,1,11,12
2020-03-13,AR,9,30,39
2020-03-13,AZ,9,94,103
2020-03-13,CA,202,916,1118
2020-03-13,CO,72,524,596
2020-03-13,CT,6,99,105
2020-03-13,DC,10,20,30
2020-03-13,DE,4,30,34
2020-03-13,FL,50,478,528
2020-03-13,GA,42,NA,42
2020-03-13,HI,2,NA,2
2020-03-13,IA,16,83,99
2020-03-13,ID,0,131,131
2020-03-13,IL,32,294,326
2020-03-13,IN,12,61,73
2020-03-13,KS,6,93,99
2020-03-13,KY,11,107,118
2020-03-13,LA,36,37,73
2020-03-13,MA,23,NA,23
2020-03-13,MD,17,94,111
2020-03-13,ME,3,91,94
2020-03-13,MI,945,133,1078
2020-03-13,MN,14,541,555
2020-03-13,MO,2,71,73
2020-03-13,MS,4,41,45
2020-03-13,MT,1,55,56
2020-03-13,NC,15,86,101
2020-03-13,ND,1,39,40
2020-03-13,NE,13,80,93
2020-03-13,NH,6,94,100
2020-03-13,NJ,50,97,147
2020-03-13,NM,10,190,200
2020-03-13,NV,11,168,179
2020-03-13,NY,421,2779,3200
2020-03-13,OH,13,50,63
2020-03-13,OK,3,36,39
2020-03-13,OR,30,337,367
2020-03-13,PA,41,140,181
2020-03-13,RI,14,142,156
2020-03-13,SC,12,75,87
2020-03-13,SD,9,73,82
2020-03-13,TN,26,116,142
2020-03-13,TX,39,NA,39
2020-03-13,UT,6,131,137
2020-03-13,VA,30,117,147
2020-03-13,VT,2,142,144
2020-03-13,WA,702,14598,15300
2020-03-13,WI,19,169,188
2020-03-13,WV,0,17,17
2020-03-13,WY,1,NA,1
2020-03-12,AK,0,46,46
2020-03-12,AL,0,10,10
2020-03-12,AR,6,24,30
2020-03-12,AZ,9,82,91
2020-03-12,CA,202,916,1118
2020-03-12,CO,45,298,343
2020-03-12,CT,6,89,95
2020-03-12,DC,10,20,30
2020-03-12,DE,4,23,27
2020-03-12,FL,32,301,333
2020-03-12,GA,31,NA,31
2020-03-12,HI,2,NA,2
2020-03-12,IA,14,67,81
2020-03-12,ID,0,93,93
2020-03-12,IL,25,266,291
2020-03-12,IN,12,52,64
2020-03-12,KS,4,41,45
2020-03-12,KY,8,56,64
2020-03-12,LA,14,37,51
2020-03-12,MA,8,NA,8
2020-03-12,MD,12,94,106
2020-03-12,ME,1,65,66
2020-03-12,MI,702,91,793
2020-03-12,MN,9,307,316
2020-03-12,MO,1,64,65
2020-03-12,MS,1,41,42
2020-03-12,MT,1,34,35
2020-03-12,NC,12,60,72
2020-03-12,ND,1,12,13
2020-03-12,NE,10,80,90
2020-03-12,NH,6,94,100
2020-03-12,NJ,30,74,104
2020-03-12,NM,5,155,160
2020-03-12,NV,7,168,175
2020-03-12,NY,216,92,308
2020-03-12,OH,5,30,35
2020-03-12,OK,3,36,39
2020-03-12,OR,19,286,305
2020-03-12,PA,22,116,138
2020-03-12,RI,5,94,99
2020-03-12,SC,10,48,58
2020-03-12,SD,8,27,35
2020-03-12,TN,18,79,97
2020-03-12,TX,23,NA,23
2020-03-12,UT,4,131,135
2020-03-12,VA,17,117,134
2020-03-12,VT,2,97,99
2020-03-12,WA,551,10571,11122
2020-03-12,WI,8,84,92
2020-03-12,WV,0,7,7
2020-03-12,WY,1,NA,1
2020-03-11,AK,0,46,46
2020-03-11,AL,0,10,10
2020-03-11,AR,0,12,12
2020-03-11,AZ,9,59,68
2020-03-11,CA,157,916,1073
2020-03-11,CO,28,251,279
2020-03-11,CT,3,71,74
2020-03-11,DC,5,20,25
2020-03-11,DE,1,17,18
2020-03-11,FL,28,301,329
2020-03-11,GA,22,NA,22
2020-03-11,HI,2,NA,2
2020-03-11,IA,13,46,59
2020-03-11,ID,0,67,67
2020-03-11,IL,19,244,263
2020-03-11,IN,10,33,43
2020-03-11,KS,1,41,42
2020-03-11,KY,8,46,54
2020-03-11,LA,6,37,43
2020-03-11,MD,9,94,103
2020-03-11,ME,0,42,42
2020-03-11,MI,497,57,554
2020-03-11,MN,5,217,222
2020-03-11,MO,1,NA,1
2020-03-11,MS,0,20,20
2020-03-11,MT,0,21,21
2020-03-11,NC,7,NA,7
2020-03-11,ND,0,7,7
2020-03-11,NE,5,47,52
2020-03-11,NH,4,38,42
2020-03-11,NJ,24,57,81
2020-03-11,NM,3,87,90
2020-03-11,NV,5,168,173
2020-03-11,NY,216,92,308
2020-03-11,OH,4,21,25
2020-03-11,OK,2,15,17
2020-03-11,OR,19,286,305
2020-03-11,PA,16,88,104
2020-03-11,RI,5,94,99
2020-03-11,SC,9,32,41
2020-03-11,SD,5,13,18
2020-03-11,TN,7,50,57
2020-03-11,TX,21,NA,21
2020-03-11,UT,2,NA,2
2020-03-11,VA,9,60,69
2020-03-11,VT,1,62,63
2020-03-11,WA,481,6977,7458
2020-03-11,WI,3,43,46
2020-03-11,WV,0,3,3
2020-03-11,WY,0,NA,0
2020-03-10,AK,0,23,23
2020-03-10,AL,0,0,0
2020-03-10,AR,0,12,12
2020-03-10,AZ,6,51,57
2020-03-10,CA,133,690,823
2020-03-10,CO,12,142,154
2020-03-10,CT,2,54,56
2020-03-10,DC,5,17,22
2020-03-10,DE,0,17,17
2020-03-10,FL,19,222,241
2020-03-10,GA,17,NA,17
2020-03-10,HI,2,NA,2
2020-03-10,IA,8,32,40
2020-03-10,ID,0,41,41
2020-03-10,IL,19,244,263
2020-03-10,IN,6,30,36
2020-03-10,KS,1,17,18
2020-03-10,KY,6,28,34
2020-03-10,LA,1,11,12
2020-03-10,MD,6,89,95
2020-03-10,ME,0,20,20
2020-03-10,MI,358,39,397
2020-03-10,MN,3,132,135
2020-03-10,MO,1,NA,1
2020-03-10,MS,0,NA,0
2020-03-10,MT,0,15,15
2020-03-10,NC,7,NA,7
2020-03-10,ND,0,6,6
2020-03-10,NE,3,47,50
2020-03-10,NH,4,38,42
2020-03-10,NJ,15,44,59
2020-03-10,NM,0,69,69
2020-03-10,NV,1,14,15
2020-03-10,NY,173,92,265
2020-03-10,OH,3,14,17
2020-03-10,OK,2,15,17
2020-03-10,OR,15,213,228
2020-03-10,PA,12,NA,12
2020-03-10,RI,3,58,61
2020-03-10,SC,7,24,31
2020-03-10,SD,0,11,11
2020-03-10,TN,7,NA,7
2020-03-10,TX,13,NA,13
2020-03-10,UT,2,NA,2
2020-03-10,VA,8,53,61
2020-03-10,VT,1,40,41
2020-03-10,WA,397,4850,5247
2020-03-10,WI,2,36,38
2020-03-10,WV,0,2,2
2020-03-10,WY,0,0,0
2020-03-09,AK,0,23,23
2020-03-09,AL,0,NA,0
2020-03-09,AR,0,12,12
2020-03-09,AZ,5,44,49
2020-03-09,CA,114,690,804
2020-03-09,CO,9,133,142
2020-03-09,CT,1,46,47
2020-03-09,DC,1,14,15
2020-03-09,DE,0,15,15
2020-03-09,FL,18,140,158
2020-03-09,GA,12,NA,12
2020-03-09,HI,2,NA,2
2020-03-09,IA,3,26,29
2020-03-09,ID,0,41,41
2020-03-09,IL,7,191,198
2020-03-09,IN,2,NA,2
2020-03-09,KS,1,11,12
2020-03-09,KY,4,17,21
2020-03-09,LA,1,5,6
2020-03-09,MD,5,73,78
2020-03-09,ME,0,1,1
2020-03-09,MI,254,36,290
2020-03-09,MN,2,80,82
2020-03-09,MO,1,NA,1
2020-03-09,MS,0,NA,0
2020-03-09,MT,0,11,11
2020-03-09,NC,2,NA,2
2020-03-09,ND,0,0,0
2020-03-09,NE,3,36,39
2020-03-09,NH,4,38,42
2020-03-09,NJ,11,35,46
2020-03-09,NM,0,57,57
2020-03-09,NV,1,14,15
2020-03-09,NY,142,92,234
2020-03-09,OH,3,11,14
2020-03-09,OK,1,8,9
2020-03-09,OR,14,165,179
2020-03-09,PA,10,NA,10
2020-03-09,RI,3,30,33
2020-03-09,SC,7,24,31
2020-03-09,SD,0,5,5
2020-03-09,TN,3,NA,3
2020-03-09,TX,12,NA,12
2020-03-09,UT,1,NA,1
2020-03-09,VA,3,38,41
2020-03-09,VT,1,34,35
2020-03-09,WA,349,3173,3522
2020-03-09,WI,1,36,37
2020-03-09,WV,0,2,2
2020-03-09,WY,0,NA,0
2020-03-08,AK,0,14,14
2020-03-08,AL,0,NA,0
2020-03-08,AR,0,6,6
2020-03-08,AZ,5,44,49
2020-03-08,CA,88,462,550
2020-03-08,CO,8,104,112
2020-03-08,CT,1,29,30
2020-03-08,DC,1,10,11
2020-03-08,DE,0,10,10
2020-03-08,FL,17,118,135
2020-03-08,GA,7,NA,7
2020-03-08,HI,1,NA,1
2020-03-08,IA,0,15,15
2020-03-08,ID,0,27,27
2020-03-08,IL,6,191,197
2020-03-08,IN,2,NA,2
2020-03-08,KS,1,11,12
2020-03-08,KY,1,13,14
2020-03-08,LA,0,5,5
2020-03-08,MD,3,52,55
2020-03-08,ME,0,1,1
2020-03-08,MI,168,26,194
2020-03-08,MN,1,48,49
2020-03-08,MO,1,NA,1
2020-03-08,MS,0,NA,0
2020-03-08,MT,0,11,11
2020-03-08,NC,2,NA,2
2020-03-08,ND,0,0,0
2020-03-08,NE,1,17,18
2020-03-08,NH,4,38,42
2020-03-08,NJ,6,31,37
2020-03-08,NM,0,48,48
2020-03-08,NV,1,14,15
2020-03-08,NY,105,92,197
2020-03-08,OH,0,10,10
2020-03-08,OK,1,8,9
2020-03-08,OR,14,100,114
2020-03-08,PA,6,NA,6
2020-03-08,RI,3,30,33
2020-03-08,SC,2,8,10
2020-03-08,SD,0,5,5
2020-03-08,TN,3,NA,3
2020-03-08,TX,8,NA,8
2020-03-08,UT,1,NA,1
2020-03-08,VA,2,36,38
2020-03-08,VT,1,28,29
2020-03-08,WA,249,2208,2457
2020-03-08,WI,1,31,32
2020-03-08,WV,0,2,2
2020-03-08,WY,0,NA,0
2020-03-07,AK,0,12,12
2020-03-07,AL,0,NA,0
2020-03-07,AR,0,6,6
2020-03-07,AZ,5,44,49
2020-03-07,CA,69,462,531
2020-03-07,CO,8,55,63
2020-03-07,CT,0,NA,0
2020-03-07,DC,0,8,8
2020-03-07,DE,0,10,10
2020-03-07,FL,14,100,114
2020-03-07,GA,6,NA,6
2020-03-07,HI,1,NA,1
2020-03-07,IA,0,15,15
2020-03-07,ID,0,27,27
2020-03-07,IL,6,191,197
2020-03-07,IN,1,NA,1
2020-03-07,KS,0,11,11
2020-03-07,KY,1,9,10
2020-03-07,LA,0,NA,0
2020-03-07,MD,3,41,44
2020-03-07,ME,0,1,1
2020-03-07,MI,128,18,146
2020-03-07,MN,1,48,49
2020-03-07,MO,0,NA,0
2020-03-07,MS,0,NA,0
2020-03-07,MT,0,11,11
2020-03-07,NC,2,NA,2
2020-03-07,ND,0,0,0
2020-03-07,NE,1,17,18
2020-03-07,NH,2,20,22
2020-03-07,NJ,4,NA,4
2020-03-07,NM,0,48,48
2020-03-07,NV,1,14,15
2020-03-07,NY,76,92,168
2020-03-07,OH,0,9,9
2020-03-07,OK,1,NA,1
2020-03-07,OR,7,77,84
2020-03-07,PA,4,NA,4
2020-03-07,RI,2,30,32
2020-03-07,SC,2,8,10
2020-03-07,SD,0,5,5
2020-03-07,TN,1,NA,1
2020-03-07,TX,8,NA,8
2020-03-07,UT,1,NA,1
2020-03-07,VA,0,31,31
2020-03-07,VT,0,16,16
2020-03-07,WA,182,1746,1928
2020-03-07,WI,1,31,32
2020-03-07,WV,0,2,2
2020-03-07,WY,0,NA,0
2020-03-06,AK,0,8,8
2020-03-06,AR,0,6,6
2020-03-06,AZ,3,33,36
2020-03-06,CA,60,462,522
2020-03-06,CO,2,46,48
2020-03-06,DC,0,8,8
2020-03-06,DE,0,10,10
2020-03-06,FL,9,55,64
2020-03-06,GA,2,NA,2
2020-03-06,IA,0,15,15
2020-03-06,IL,5,180,185
2020-03-06,IN,1,NA,1
2020-03-06,KS,0,4,4
2020-03-06,KY,0,7,7
2020-03-06,MD,3,26,29
2020-03-06,MI,98,8,106
2020-03-06,MN,0,36,36
2020-03-06,NC,2,NA,2
2020-03-06,NE,0,17,17
2020-03-06,NH,2,20,22
2020-03-06,NJ,1,NA,1
2020-03-06,NM,0,16,16
2020-03-06,NV,1,14,15
2020-03-06,NY,33,92,125
2020-03-06,OH,0,8,8
2020-03-06,OR,3,64,67
2020-03-06,PA,2,NA,2
2020-03-06,RI,3,17,20
2020-03-06,SC,0,5,5
2020-03-06,TN,1,NA,1
2020-03-06,TX,5,NA,5
2020-03-06,VA,0,21,21
2020-03-06,VT,0,8,8
2020-03-06,WA,150,1378,1528
2020-03-06,WI,1,31,32
2020-03-06,WV,0,1,1
2020-03-05,AZ,2,28,30
2020-03-05,CA,53,462,515
2020-03-05,CO,0,19,19
2020-03-05,DC,0,6,6
2020-03-05,FL,9,31,40
2020-03-05,GA,2,NA,2
2020-03-05,IL,5,165,170
2020-03-05,MD,0,17,17
2020-03-05,MI,72,8,80
2020-03-05,NC,1,NA,1
2020-03-05,NE,0,17,17
2020-03-05,NH,2,16,18
2020-03-05,NJ,1,NA,1
2020-03-05,NV,1,14,15
2020-03-05,NY,22,76,98
2020-03-05,OH,0,7,7
2020-03-05,OR,3,45,48
2020-03-05,RI,2,17,19
2020-03-05,SC,0,5,5
2020-03-05,TN,1,NA,1
2020-03-05,TX,1,NA,1
2020-03-05,VA,0,18,18
2020-03-05,WA,97,943,1040
2020-03-05,WI,1,19,20
2020-03-04,AZ,2,27,29
2020-03-04,CA,53,462,515
2020-03-04,FL,2,24,26
2020-03-04,GA,2,NA,2
2020-03-04,IL,4,124,128
2020-03-04,MI,52,NA,52
2020-03-04,NC,1,NA,1
2020-03-04,NH,2,10,12
2020-03-04,NY,6,48,54
2020-03-04,OR,3,29,32
2020-03-04,RI,2,11,13
2020-03-04,SC,0,5,5
2020-03-04,TX,1,NA,1
2020-03-04,WA,76,631,707
2020-03-04,WI,1,19,20
2020-03-03,MI,34,NA,34
2020-03-03,RI,2,6,8
2020-03-03,WA,58,427,485
2020-03-02,MI,18,NA,18
2020-03-02,RI,1,NA,1
2020-03-02,WA,34,229,263
2020-03-01,MI,9,NA,9
2020-03-01,RI,1,NA,1
2020-03-01,WA,30,81,111
2020-02-29,WA,18,23,41
2020-02-28,WA,9,NA,9
2020-02-27,WA,2,NA,2
2020-02-26,WA,2,NA,2
2020-02-25,WA,2,NA,2
2020-02-24,WA,2,NA,2
2020-02-23,WA,2,NA,2
2020-02-22,WA,2,NA,2
2020-02-21,WA,2,NA,2
2020-02-20,WA,2,NA,2
2020-02-19,WA,2,NA,2
2020-02-18,WA,2,NA,2
2020-02-17,WA,2,NA,2
2020-02-16,WA,2,NA,2
2020-02-15,WA,2,NA,2
2020-02-14,WA,2,NA,2
2020-02-13,WA,2,NA,2
2020-02-12,WA,2,NA,2
2020-02-11,WA,2,NA,2
2020-02-10,WA,2,NA,2
2020-02-09,WA,2,NA,2
2020-02-08,WA,2,NA,2
2020-02-07,WA,2,NA,2
2020-02-06,WA,1,NA,1
2020-02-05,WA,1,NA,1
2020-02-04,WA,1,NA,1
2020-02-03,WA,1,NA,1
2020-02-02,WA,1,NA,1
2020-02-01,WA,1,NA,1
2020-01-31,WA,1,NA,1
2020-01-30,WA,1,NA,1
2020-01-29,WA,1,NA,1
2020-01-28,WA,1,NA,1
2020-01-27,WA,1,NA,1
2020-01-26,WA,1,NA,1
2020-01-25,WA,1,NA,1
2020-01-24,WA,1,NA,1
2020-01-23,WA,1,NA,1
2020-01-22,WA,1,NA,1
